0 0 0 0 0 0 0 0 0 0 0 0 
0 0 0 0 0 0 0 0 0 0 0 0 
0 0 0 0 0 0 0 0 0 0 0 0 
0 0 0 0 0 0 0 0 0 0 0 0 
0 0 0 0 0 0 0 0 0 0 0 0 
0 0 0 0 0 0 0 0 0 0 0 0 
0 0 0 0 0 0 0 0 0 0 0 0 
0 0 0 0 0 0 0 0 0 0 0 0
0 0 0 0 0 0 0 0 0 0 0 0 
0 0 0 0 0 0 0 0 0 0 0 0 
0 0 0 0 0 0 0 0 0 0 0 0 
0 0 0 0 0 0 0 0 0 0 0 0 
0 0 0 0 0 0 0 0 0 0 0 0 
0 0 0 0 0 0 0 0 0 0 0 0 
0 0 0 0 0 0 0 0 0 0 0 0 
0 0 0 0 0 0 0 0 0 0 0 0 
0 0 0 0 0 0 0 0 0 0 0 0 
0 0 0 0 0 0 0 0 0 0 0 0 
0 0 0 0 0 0 0 0 0 0 0 0 
0 0 0 0 0 0 0 0 0 0 0 0 
0 0 0 0 0 0 0 0 0 0 0 0 
0 0 0 0 0 0 0 0 0 0 0 0 
0 0 0 0 0 0 0 0 0 0 0 0 
0 0 0 0 0 0 0 0 0 0 0 0 
464 0 0 0 0 0 0 0 0 0 0 0 
96 56 45 29 25 14 10 3 0 0 0 0 
46 43 20 14 14 5 12 5 2 0 0 0 
38 28 22 16 16 10 12 3 1 0 0 0 
51 58 38 33 28 18 15 7 2 0 0 0 
60 61 51 36 23 21 11 6 1 0 0 0 
55 49 48 38 23 24 15 7 1 0 0 0 
51 48 47 37 28 20 19 13 2 0 0 0 
48 55 47 32 30 23 23 12 1 0 0 0 
54 58 40 37 28 29 22 14 2 0 0 0 
53 52 39 39 29 19 21 12 2 0 0 0 
58 55 47 35 31 22 21 15 3 0 0 0 
57 56 45 33 30 23 24 13 3 0 0 0 
77 50 44 39 36 23 26 13 2 0 0 0 
67 57 47 34 35 21 21 11 3 0 0 0 
67 55 43 41 27 30 17 8 6 0 0 0 
62 54 44 45 32 21 20 9 7 0 0 0 
50 48 46 36 30 21 20 13 9 0 0 0 
53 37 39 39 32 20 17 13 6 0 0 0 
43 36 30 31 20 21 14 10 8 0 0 0 
55 35 42 42 23 23 14 9 10 0 0 0 
45 30 43 41 22 14 17 7 9 0 0 0 
28 28 32 37 30 15 13 7 10 0 0 0 
47 50 43 44 22 13 17 10 10 0 0 0 
39 39 32 35 26 17 18 13 7 0 0 0 
34 33 28 33 24 12 15 9 7 0 0 0 
46 40 40 33 22 19 12 6 6 0 0 0 
45 37 39 30 19 18 12 8 3 0 0 0 
44 58 43 33 26 18 12 4 5 0 0 0 
76 56 47 33 25 17 19 6 1 0 0 0 
62 69 47 38 28 21 14 7 0 0 0 0 
93 80 40 34 23 16 16 5 2 0 0 0 
98 73 46 32 20 17 12 5 2 0 0 0 
83 73 46 40 28 19 14 2 4 0 0 0 
83 73 45 30 25 12 12 2 3 0 0 0 
77 76 53 33 20 15 10 3 1 0 0 0 
57 62 34 34 18 11 8 1 2 0 0 0 
46 57 35 32 18 12 5 3 2 0 0 0 
41 44 35 27 16 11 6 3 0 0 0 0 
31 48 36 19 15 6 5 1 0 0 0 0 
38 51 26 27 12 8 5 0 0 0 0 0 
35 47 38 26 9 5 3 1 0 0 0 0 
38 43 38 24 10 10 3 2 1 0 0 0 
39 45 26 18 7 5 4 4 0 0 0 0 
44 49 37 24 14 7 4 5 1 0 0 0 
48 47 37 21 12 9 3 5 2 0 0 0 
65 60 38 32 17 11 6 3 3 0 0 0 
54 60 47 30 16 8 5 5 3 0 0 0 
58 52 38 25 18 11 7 2 3 0 0 0 
36 49 35 33 19 9 4 4 2 0 0 0 
53 58 40 31 20 15 7 4 4 0 0 0 
56 58 44 26 25 10 7 1 1 0 0 0 
62 66 47 27 27 11 7 2 3 0 0 0 
56 56 48 28 27 7 4 4 2 0 0 0 
63 54 48 32 25 9 2 2 1 0 0 0 
59 48 45 34 26 10 7 0 3 0 0 0 
46 49 43 29 26 12 5 1 2 0 0 0 
74 54 48 36 27 17 4 3 0 0 0 0 
66 55 50 37 28 11 8 2 0 0 0 0 
56 59 57 42 25 14 6 3 1 0 0 0 
80 55 57 48 26 21 13 6 2 0 0 0 
90 57 60 48 29 14 13 6 2 0 0 0 
77 64 62 54 34 14 13 4 1 0 0 0 
72 70 62 50 27 23 14 5 1 0 0 0 
88 70 57 45 31 17 15 8 0 0 0 0 
72 79 57 41 24 17 17 6 0 0 0 0 
95 85 60 54 30 20 16 4 3 0 0 0 
84 82 67 55 32 18 14 9 5 0 0 0 
75 85 58 58 25 21 14 10 5 0 0 0 
90 78 59 53 28 19 16 5 7 0 0 0 
96 79 59 52 29 24 19 8 6 0 0 0 
87 82 53 48 32 22 16 11 4 0 0 0 
91 89 60 53 34 21 19 10 6 0 0 0 
82 73 51 40 32 18 18 7 4 0 0 0 
72 88 50 42 35 22 16 11 4 0 0 0 
89 88 55 45 31 24 22 6 5 0 0 0 
81 75 53 41 35 23 18 7 5 0 0 0 
81 70 56 56 35 21 15 7 3 0 0 0 
82 96 72 54 36 20 17 7 4 0 0 0 
85 86 74 49 31 19 15 10 4 0 0 0 
50 74 64 50 28 21 13 9 5 0 0 0 
48 65 56 46 28 23 13 10 5 0 0 0 
54 86 68 46 37 20 13 9 4 0 0 0 
69 69 60 52 26 20 15 7 5 0 0 0 
59 65 65 49 27 25 15 11 4 0 0 0 
64 84 52 48 30 20 15 13 3 0 0 0 
61 81 61 44 37 20 16 10 3 0 0 0 
72 85 68 48 31 18 19 13 4 0 0 0 
72 92 66 47 31 22 18 13 3 0 0 0 
73 84 71 52 31 22 16 15 5 0 0 0 
75 87 61 56 30 20 17 13 3 0 0 0 
84 109 80 47 34 29 15 14 4 0 0 0 
85 107 71 59 31 31 19 16 7 0 0 0 
82 95 78 52 34 26 16 13 6 0 0 0 
91 113 77 58 25 27 16 16 6 0 0 0 
74 102 86 56 40 35 16 9 7 0 0 0 
72 98 88 54 33 25 19 7 8 0 0 0 
82 105 79 56 32 24 19 6 7 0 0 0 
86 100 74 55 40 24 21 12 5 0 0 0 
68 91 67 62 26 24 20 8 7 0 0 0 
69 88 75 52 32 21 23 8 6 0 0 0 
98 84 81 55 26 18 14 9 5 0 0 0 
87 87 78 49 21 17 17 8 7 0 0 0 
59 89 79 52 24 18 16 8 2 0 0 0 
65 85 69 50 23 15 15 8 1 0 0 0 
81 86 65 45 25 20 15 5 3 0 0 0 
77 88 65 40 37 16 12 6 1 0 0 0 
71 85 57 32 26 10 11 4 2 0 0 0 
85 88 61 44 27 14 11 3 3 0 0 0 
77 96 69 33 26 18 7 6 4 0 0 0 
74 69 55 45 20 15 8 3 3 0 0 0 
67 55 50 41 25 12 7 5 4 0 0 0 
64 64 52 32 16 12 8 4 1 0 0 0 
81 55 49 35 15 13 11 5 1 0 0 0 
69 54 45 29 16 7 7 1 1 0 0 0 
66 45 36 27 17 7 6 1 0 0 0 0 
73 65 45 27 23 10 9 4 3 0 0 0 
69 60 39 26 18 6 5 6 1 0 0 0 
81 64 54 30 22 11 9 4 3 0 0 0 
74 69 37 19 16 8 10 5 0 0 0 0 
66 55 37 15 17 8 8 4 1 0 0 0 
77 57 47 26 21 19 7 5 1 0 0 0 
62 52 38 25 21 11 6 5 0 0 0 0 
48 48 32 26 12 7 5 1 0 0 0 0 
58 60 42 30 16 19 9 2 1 0 0 0 
40 45 35 23 17 14 7 2 1 0 0 0 
42 38 28 23 18 10 6 1 0 0 0 0 
35 38 44 33 25 16 12 5 1 0 0 0 
49 38 30 26 20 14 9 5 2 0 0 0 
53 38 34 39 24 14 13 5 3 0 0 0 
41 40 27 27 18 13 9 2 2 0 0 0 
54 44 29 31 18 19 13 2 3 0 0 0 
55 34 26 29 19 13 7 4 3 0 0 0 
54 43 24 29 22 11 9 4 2 0 0 0 
43 35 29 21 18 14 6 2 2 0 0 0 
51 38 28 25 19 19 10 3 0 0 0 0 
42 36 20 28 23 18 11 2 0 0 0 0 
54 38 29 24 23 20 11 7 4 0 0 0 
51 28 20 17 20 14 12 4 3 0 0 0 
23 17 24 13 18 19 7 5 5 0 0 0 
27 22 18 17 11 12 8 4 2 0 0 0 
34 19 23 19 14 15 12 4 3 0 0 0 
22 21 12 17 16 10 12 6 2 0 0 0 
33 38 24 21 16 15 11 9 3 0 0 0 
32 25 20 18 14 12 11 5 4 0 0 0 
33 41 28 24 19 14 7 8 4 0 0 0 
37 24 19 19 15 8 5 4 3 0 0 0 
47 33 28 19 12 17 12 5 4 0 0 0 
34 29 22 13 11 15 12 4 4 0 0 0 
49 35 30 16 18 11 12 6 3 0 0 0 
44 30 26 14 15 16 9 5 3 0 0 0 
39 39 26 20 21 18 13 4 3 0 0 0 
39 25 23 18 18 19 16 7 4 0 0 0 
45 45 40 23 27 22 18 10 7 0 0 0 
35 32 31 22 25 25 19 10 6 0 0 0 
30 22 24 15 17 15 13 5 5 0 0 0 
26 35 23 24 23 13 13 11 4 0 0 0 
25 28 22 14 15 14 10 8 0 0 0 0 
44 37 32 20 23 16 8 8 1 0 0 0 
32 34 20 18 18 15 6 9 0 0 0 0 
28 36 26 29 15 18 10 9 2 0 0 0 
31 33 25 19 20 16 10 1 0 0 0 0 
40 39 25 25 19 16 12 4 0 0 0 0 
35 33 26 20 16 12 11 2 0 0 0 0 
39 40 37 24 18 16 10 8 1 0 0 0 
45 61 47 41 36 27 20 13 8 0 0 0 
34 71 61 40 35 26 19 14 6 0 0 0 
41 70 68 47 36 24 21 14 7 0 0 0 
33 82 65 57 36 26 17 15 11 0 0 0 
25 63 59 47 37 24 20 11 8 0 0 0 
39 89 75 60 37 26 17 11 11 0 0 0 
36 88 63 47 33 26 18 15 8 0 0 0 
36 99 64 56 30 23 20 14 8 0 0 0 
45 88 68 51 34 23 16 14 8 0 0 0 
62 90 69 46 45 19 17 16 8 0 0 0 
46 105 77 51 36 20 19 10 8 0 0 0 
59 98 65 52 31 20 15 12 3 0 0 0 
70 86 66 40 31 19 13 12 3 0 0 0 
70 85 70 45 28 16 11 6 2 0 0 0 
83 96 64 45 29 17 14 9 5 0 0 0 
78 109 66 49 36 22 6 3 3 0 0 0 
77 102 64 47 34 14 9 5 2 0 0 0 
74 94 66 43 34 16 11 9 3 0 0 0 
90 86 58 42 35 18 10 5 3 0 0 0 
104 84 50 45 26 20 11 9 2 0 0 0 
87 83 55 46 24 24 16 9 1 0 0 0 
93 91 65 47 34 19 8 12 2 0 0 0 
105 88 59 42 29 16 10 9 1 0 0 0 
96 99 68 51 31 19 13 10 4 0 0 0 
93 95 63 45 34 18 18 10 2 0 0 0 
103 80 59 48 35 17 14 10 2 0 0 0 
98 96 61 50 38 16 21 8 2 0 0 0 
92 85 64 40 33 18 22 7 1 0 0 0 
93 83 73 52 31 30 25 11 1 0 0 0 
78 85 66 40 29 23 24 10 1 0 0 0 
91 82 57 52 34 20 25 5 1 0 0 0 
81 81 55 47 32 20 16 7 2 0 0 0 
92 76 54 49 40 20 16 9 3 0 0 0 
78 74 51 44 31 26 15 11 2 0 0 0 
69 79 41 40 37 26 8 11 4 0 0 0 
69 60 43 38 39 22 11 8 6 0 0 0 
60 60 43 44 34 20 16 9 8 0 0 0 
56 65 35 30 29 22 10 10 3 0 0 0 
56 49 42 34 29 20 16 9 5 0 0 0 
61 68 37 33 32 19 17 9 6 0 0 0 
57 63 33 33 28 24 12 9 4 0 0 0 
63 48 31 31 29 21 11 8 4 0 0 0 
56 59 37 28 24 20 15 9 8 0 0 0 
48 57 39 25 21 22 21 8 9 0 0 0 
49 44 38 26 25 23 14 15 5 0 0 0 
57 55 37 26 25 27 18 13 5 0 0 0 
53 52 32 28 21 22 13 12 6 0 0 0 
47 53 34 26 20 26 17 12 7 0 0 0 
67 51 41 31 22 24 20 11 6 0 0 0 
55 57 39 34 26 19 15 14 5 0 0 0 
60 62 44 33 23 26 17 10 7 0 0 0 
47 48 43 29 27 24 20 11 6 0 0 0 
73 51 36 36 29 32 19 17 4 0 0 0 
77 55 45 31 33 29 20 17 6 0 0 0 
68 54 40 30 34 25 22 15 7 0 0 0 
65 53 43 31 35 29 19 15 5 0 0 0 
72 47 37 34 37 28 19 13 10 0 0 0 
67 51 39 39 38 24 21 12 9 0 0 0 
66 66 52 36 33 30 21 13 8 0 0 0 
52 54 40 38 31 29 19 14 7 0 0 0 
51 55 46 35 34 33 19 11 9 0 0 0 
45 45 48 38 33 28 20 12 6 0 0 0 
48 60 55 37 33 40 13 16 7 0 0 0 
55 64 46 41 32 28 17 15 6 0 0 0 
53 48 43 34 28 37 12 12 4 0 0 0 
31 57 48 29 28 28 16 17 2 0 0 0 
46 43 43 44 31 28 17 14 4 0 0 0 
46 61 54 39 31 29 13 12 4 0 0 0 
50 66 53 38 33 22 21 11 6 0 0 0 
32 58 60 42 27 26 17 16 8 0 0 0 
27 60 55 45 40 22 13 15 10 0 0 0 
28 73 62 47 32 26 16 18 11 0 0 0 
61 95 59 56 38 29 18 14 11 0 0 0 
49 90 64 54 37 24 15 12 10 0 0 0 
54 80 67 52 36 17 20 17 10 0 0 0 
51 90 68 55 32 25 13 11 10 0 0 0 
64 91 67 60 30 27 13 14 4 0 0 0 
87 101 73 53 43 20 22 7 8 0 0 0 
89 99 71 54 44 19 17 11 6 0 0 0 
85 93 65 47 41 21 10 9 4 0 0 0 
103 101 61 57 29 15 16 6 2 0 0 0 
94 104 65 43 36 15 9 5 3 0 0 0 
105 98 62 53 36 23 14 8 6 0 0 0 
97 98 61 51 43 21 12 7 5 0 0 0 
100 96 64 42 37 18 15 9 3 0 0 0 
108 81 68 45 40 13 12 10 3 0 0 0 
101 101 63 46 43 19 12 9 2 0 0 0 
111 89 69 42 35 19 13 5 4 0 0 0 
89 94 59 49 37 17 14 7 3 0 0 0 
121 84 70 50 32 18 15 12 7 0 0 0 
101 100 72 52 30 20 20 11 4 0 0 0 
91 89 69 58 35 22 15 14 2 0 0 0 
87 78 55 49 32 24 18 11 3 0 0 0 
67 76 53 47 36 19 19 7 2 0 0 0 
80 87 66 47 33 33 20 7 2 0 0 0 
77 81 63 46 39 28 14 5 2 0 0 0 
76 72 57 46 34 26 16 4 4 0 0 0 
66 78 46 46 34 22 14 3 5 0 0 0 
53 66 53 57 28 25 17 3 5 0 0 0 
56 66 55 35 29 25 11 9 3 0 0 0 
58 65 45 39 26 25 13 8 5 0 0 0 
55 59 51 29 38 20 12 6 5 0 0 0 
57 70 59 31 20 21 15 7 6 0 0 0 
49 66 49 32 29 23 9 6 7 0 0 0 
49 66 42 32 26 21 13 7 6 0 0 0 
39 55 48 29 23 23 17 3 5 0 0 0 
47 59 46 28 31 27 14 9 11 0 0 0 
40 46 39 26 30 22 17 8 8 0 0 0 
34 52 42 21 24 23 12 9 6 0 0 0 
44 47 44 25 24 22 11 9 8 0 0 0 
42 48 34 24 24 18 12 6 9 0 0 0 
39 52 40 26 18 22 12 5 8 0 0 0 
51 55 35 28 27 19 12 9 5 0 0 0 
51 51 28 32 16 22 11 8 7 0 0 0 
55 44 36 35 17 23 14 9 9 0 0 0 
52 53 36 33 30 24 19 10 8 0 0 0 
62 41 44 28 24 22 18 13 6 0 0 0 
48 44 36 27 26 17 19 12 7 0 0 0 
39 48 32 27 33 24 18 14 6 0 0 0 
48 40 53 32 34 20 24 13 7 0 0 0 
39 49 46 25 25 16 18 11 9 0 0 0 
40 40 37 28 26 20 19 13 12 0 0 0 
45 49 37 29 31 23 18 14 10 0 0 0 
42 50 44 36 30 23 19 16 11 0 0 0 
45 55 49 39 33 20 18 14 12 0 0 0 
58 62 52 37 31 19 21 16 9 0 0 0 
69 62 53 36 38 26 20 13 10 0 0 0 
64 63 53 44 35 29 26 14 9 0 0 0 
60 63 53 39 36 30 20 16 9 0 0 0 
66 52 46 39 36 28 22 16 5 0 0 0 
71 60 39 39 34 23 25 14 3 0 0 0 
82 58 58 38 36 30 19 16 5 0 0 0 
80 59 53 38 39 26 21 15 5 0 0 0 
74 67 51 37 30 24 19 8 4 0 0 0 
77 59 49 43 35 25 17 12 2 0 0 0 
72 69 53 51 36 23 18 10 3 0 0 0 
90 76 62 44 36 25 19 13 4 0 0 0 
91 92 59 51 36 23 15 11 3 0 0 0 
106 90 67 47 32 21 18 17 1 0 0 0 
109 102 62 46 37 19 28 14 1 0 0 0 
112 93 61 54 31 20 22 13 5 0 0 0 
114 104 65 57 31 21 17 16 9 0 0 0 
135 112 56 58 33 19 15 13 10 0 0 0 
125 116 75 50 36 24 15 14 7 0 0 0 
121 115 64 64 30 25 14 15 11 0 0 0 
130 121 63 62 33 22 18 11 6 0 0 0 
121 108 70 56 33 18 18 15 7 0 0 0 
124 112 67 59 36 20 16 14 6 0 0 0 
137 109 74 53 26 27 18 13 7 0 0 0 
113 108 68 50 26 22 17 7 6 0 0 0 
119 113 75 61 35 23 17 16 6 0 0 0 
119 109 76 62 35 23 15 10 6 0 0 0 
127 109 75 53 33 26 14 12 6 0 0 0 
116 102 74 55 40 24 15 14 5 0 0 0 
124 106 80 54 37 23 17 16 4 0 0 0 
128 101 76 56 38 24 19 12 3 0 0 0 
118 110 75 54 28 22 17 13 3 0 0 0 
124 114 75 59 34 25 23 10 6 0 0 0 
129 105 75 57 35 18 16 14 7 0 0 0 
139 108 68 51 28 25 20 13 6 0 0 0 
123 109 71 59 30 23 22 11 6 0 0 0 
116 99 72 56 30 17 22 11 7 0 0 0 
124 97 82 47 37 19 26 15 8 0 0 0 
134 110 77 55 27 19 20 8 7 0 0 0 
136 108 79 53 35 24 19 8 7 0 0 0 
130 109 70 56 35 22 20 12 10 0 0 0 
134 96 79 51 36 21 20 11 8 0 0 0 
152 97 83 44 37 25 17 15 6 0 0 0 
138 109 79 46 38 21 17 12 6 0 0 0 
137 102 77 43 34 20 15 12 7 0 0 0 
133 99 72 48 30 21 22 11 6 0 0 0 
143 105 84 47 32 19 25 11 8 0 0 0 
134 110 83 53 31 16 23 13 8 0 0 0 
123 102 69 56 28 22 20 8 12 0 0 0 
105 104 64 53 32 18 23 12 12 0 0 0 
106 100 74 51 36 17 20 16 12 0 0 0 
100 89 63 59 33 20 16 19 11 0 0 0 
92 95 81 57 37 21 16 14 11 0 0 0 
117 116 77 62 26 26 21 14 10 0 0 0 
120 105 79 58 29 29 18 13 10 0 0 0 
128 100 76 56 30 22 20 13 10 0 0 0 
130 109 80 58 36 25 18 17 8 0 0 0 
119 89 82 57 32 21 21 16 10 0 0 0 
89 87 71 55 37 19 15 10 8 0 0 0 
130 103 78 53 35 21 20 14 12 0 0 0 
136 106 73 67 33 22 16 13 9 0 0 0 
93 105 55 44 35 22 17 15 8 0 0 0 
97 74 60 45 30 21 16 15 8 0 0 0 
88 74 65 40 35 20 20 16 7 0 0 0 
72 72 57 47 38 21 20 15 6 0 0 0 
66 64 60 39 39 23 17 15 2 0 0 0 
70 67 52 43 37 20 21 12 3 0 0 0 
54 53 44 35 32 20 15 12 3 0 0 0 
53 40 42 32 25 28 16 12 4 0 0 0 
64 44 43 37 38 25 21 13 5 0 0 0 
59 53 49 35 37 26 22 17 8 0 0 0 
60 54 41 38 39 31 25 13 8 0 0 0 
57 44 50 37 38 31 18 17 7 0 0 0 
57 43 44 41 32 28 23 13 9 0 0 0 
46 54 41 39 35 24 21 14 9 0 0 0 
57 63 55 46 39 33 23 17 10 0 0 0 
65 50 46 44 33 27 23 16 12 0 0 0 
60 56 45 37 29 27 23 15 12 0 0 0 
41 45 41 34 29 21 24 16 10 0 0 0 
57 39 36 35 34 28 23 14 9 0 0 0 
67 49 39 27 35 20 25 17 12 0 0 0 
61 50 36 29 33 27 27 11 9 0 0 0 
51 47 31 29 29 23 22 16 5 0 0 0 
57 54 40 39 28 24 20 9 8 0 0 0 
44 39 35 31 21 35 18 10 5 0 0 0 
46 52 42 27 28 31 15 11 7 0 0 0 
59 38 46 30 28 28 16 11 8 0 0 0 
51 39 33 17 26 27 15 7 8 0 0 0 
59 48 32 31 24 27 16 6 7 0 0 0 
63 46 37 25 16 25 18 8 7 0 0 0 
70 58 47 34 30 21 20 10 5 0 0 0 
68 64 42 37 25 22 10 6 8 0 0 0 
67 51 44 39 29 18 14 10 7 0 0 0 
84 57 44 34 32 20 12 7 7 0 0 0 
71 53 37 34 30 24 10 8 3 0 0 0 
66 62 40 32 24 18 18 7 5 0 0 0 
66 61 46 43 35 17 16 10 7 0 0 0 
65 54 46 29 31 19 13 10 8 0 0 0 
58 60 39 35 26 25 16 10 5 0 0 0 
62 53 51 50 38 21 10 7 5 0 0 0 
58 61 47 41 35 23 13 5 3 0 0 0 
54 58 44 39 28 27 12 7 3 0 0 0 
92 80 55 56 38 24 23 7 4 0 0 0 
73 73 50 44 39 16 23 8 3 0 0 0 
84 81 66 36 37 23 21 12 3 0 0 0 
102 85 60 40 31 16 23 8 2 0 0 0 
103 92 58 45 42 25 24 11 6 0 0 0 
106 85 55 37 44 21 13 6 7 0 0 0 
80 67 66 45 40 20 13 11 6 0 0 0 
107 77 52 50 42 17 17 7 5 0 0 0 
95 81 50 52 37 17 15 8 6 0 0 0 
104 76 66 49 35 19 11 15 8 0 0 0 
92 81 53 45 33 21 13 11 5 0 0 0 
91 75 66 48 38 17 12 10 3 0 0 0 
71 59 62 47 29 17 9 7 4 0 0 0 
74 59 69 43 35 18 13 7 4 0 0 0 
86 63 66 41 34 19 13 10 3 0 0 0 
84 57 52 47 35 14 13 7 4 0 0 0 
66 63 58 52 25 14 19 9 5 0 0 0 
67 59 62 45 32 18 15 12 7 0 0 0 
96 96 80 50 31 21 24 7 11 0 0 0 
73 84 71 57 33 24 23 12 12 0 0 0 
82 110 66 62 33 26 15 11 11 0 0 0 
104 102 79 61 35 27 19 11 12 0 0 0 
90 93 68 55 30 24 16 15 13 0 0 0 
86 88 67 59 34 23 18 10 11 0 0 0 
96 108 69 61 35 21 21 18 12 0 0 0 
137 117 63 59 33 24 18 13 8 0 0 0 
106 100 58 49 39 20 17 12 8 0 0 0 
106 86 57 44 33 18 20 14 8 0 0 0 
84 77 45 51 31 21 21 11 8 0 0 0 
73 69 41 45 25 21 23 10 8 0 0 0 
82 80 51 54 36 27 25 12 3 0 0 0 
78 75 64 44 27 30 17 9 0 0 0 0 
73 68 46 48 28 22 22 14 2 0 0 0 
52 56 49 49 33 30 16 17 2 0 0 0 
57 60 40 40 35 22 20 13 5 0 0 0 
61 57 50 43 33 23 17 19 5 0 0 0 
58 58 38 35 40 29 22 12 9 0 0 0 
55 61 47 39 30 33 22 14 12 0 0 0 
56 61 48 48 30 30 22 19 13 0 0 0 
62 73 47 41 33 33 23 17 14 0 0 0 
65 71 55 45 31 34 17 15 11 0 0 0 
63 58 55 45 32 34 17 21 12 0 0 0 
52 63 54 39 34 33 22 17 15 0 0 0 
71 52 58 43 30 28 24 14 12 0 0 0 
56 53 57 37 30 26 22 14 10 0 0 0 
59 65 55 39 38 27 23 17 9 0 0 0 
67 65 48 29 32 27 20 15 11 0 0 0 
64 54 49 38 28 24 21 15 9 0 0 0 
64 58 45 30 28 30 22 13 12 0 0 0 
55 57 45 36 30 28 22 14 7 0 0 0 
78 51 50 45 34 24 28 15 5 0 0 0 
68 57 46 34 32 28 15 15 7 0 0 0 
60 56 47 34 28 30 23 13 5 0 0 0 
62 68 45 35 26 29 19 12 5 0 0 0 
56 59 48 31 35 23 18 9 5 0 0 0 
74 62 49 36 30 27 23 14 6 0 0 0 
69 73 45 32 27 30 16 12 7 0 0 0 
68 55 53 31 27 24 18 9 5 0 0 0 
69 69 44 35 33 23 19 13 6 0 0 0 
82 72 39 33 30 25 22 12 9 0 0 0 
88 66 36 32 27 26 19 8 4 0 0 0 
92 62 41 37 28 27 17 8 5 0 0 0 
90 62 41 37 32 17 17 9 2 0 0 0 
82 66 49 33 37 23 13 8 5 0 0 0 
103 70 52 41 35 26 14 8 5 0 0 0 
103 61 49 41 40 17 18 4 7 0 0 0 
99 57 38 44 39 24 14 3 7 0 0 0 
83 58 42 40 36 21 14 5 5 0 0 0 
83 72 31 46 36 18 16 4 4 0 0 0 
93 78 60 52 34 25 14 11 3 0 0 0 
81 68 54 60 29 28 16 8 4 0 0 0 
89 63 59 51 36 25 21 8 4 0 0 0 
95 67 40 53 31 21 17 10 1 0 0 0 
81 63 64 55 28 30 14 8 2 0 0 0 
82 77 63 49 33 20 20 9 3 0 0 0 
94 83 69 43 34 27 17 11 3 0 0 0 
91 79 66 43 35 29 19 14 2 0 0 0 
102 91 66 59 32 19 22 15 4 0 0 0 
132 94 63 50 29 26 13 12 4 0 0 0 
122 83 65 47 33 24 15 13 3 0 0 0 
99 79 67 47 31 15 18 10 2 0 0 0 
99 79 64 45 29 21 9 10 5 0 0 0 
132 89 73 45 39 21 11 8 11 0 0 0 
118 78 69 45 31 19 12 9 7 0 0 0 
111 82 60 48 32 22 13 10 10 0 0 0 
94 73 48 46 36 20 17 8 7 0 0 0 
89 84 52 43 26 17 14 13 6 0 0 0 
103 78 64 42 33 20 8 14 4 0 0 0 
92 81 58 53 23 21 13 5 5 0 0 0 
93 73 66 46 34 18 10 7 3 0 0 0 
105 57 60 47 35 19 10 8 4 0 0 0 
100 71 50 49 32 15 15 6 4 0 0 0 
79 66 52 41 37 15 8 10 6 0 0 0 
84 65 59 38 29 18 15 11 8 0 0 0 
89 82 65 45 35 25 16 10 8 0 0 0 
78 67 58 50 38 31 16 11 12 0 0 0 
80 66 68 47 31 23 14 15 8 0 0 0 
67 74 55 50 36 26 18 10 10 0 0 0 
81 98 67 50 32 26 19 10 9 0 0 0 
91 88 65 52 29 26 20 10 8 0 0 0 
70 104 67 68 25 23 19 15 11 0 0 0 
79 106 71 53 27 24 19 12 10 0 0 0 
82 110 69 48 36 28 17 13 11 0 0 0 
59 105 60 51 36 24 16 14 10 0 0 0 
53 86 58 42 35 28 18 13 9 0 0 0 
58 81 48 40 41 25 16 18 9 0 0 0 
64 82 49 55 37 26 16 12 7 0 0 0 
48 86 48 47 33 22 22 17 6 0 0 0 
47 72 43 45 30 18 22 14 5 0 0 0 
47 63 42 40 30 21 15 12 3 0 0 0 
45 58 45 36 31 26 17 10 7 0 0 0 
46 44 36 44 30 21 15 10 3 0 0 0 
58 47 42 41 33 27 20 13 6 0 0 0 
36 56 43 38 33 20 26 11 7 0 0 0 
37 53 47 39 32 20 20 18 11 0 0 0 
43 56 41 37 34 25 16 16 8 0 0 0 
44 46 33 35 33 22 20 12 9 0 0 0 
34 52 40 36 32 31 20 13 12 0 0 0 
54 61 44 37 35 32 19 20 10 0 0 0 
67 52 55 43 38 29 21 17 12 0 0 0 
62 61 48 48 38 30 20 15 11 0 0 0 
47 51 53 39 26 26 18 13 12 0 0 0 
59 57 52 34 33 29 16 20 13 0 0 0 
53 56 55 38 28 25 25 12 10 0 0 0 
68 64 49 43 33 26 24 13 10 0 0 0 
54 56 41 29 33 25 23 15 13 0 0 0 
54 51 34 31 31 27 19 12 14 0 0 0 
52 49 47 34 37 27 19 11 10 0 0 0 
42 56 45 33 34 28 19 8 10 0 0 0 
56 50 41 31 21 27 19 14 8 0 0 0 
90 53 47 37 34 25 19 11 11 0 0 0 
97 66 44 33 37 30 24 12 5 0 0 0 
80 70 54 34 32 26 18 13 7 0 0 0 
84 65 42 37 30 25 20 12 4 0 0 0 
80 63 49 34 28 30 20 7 7 0 0 0 
88 73 57 35 33 32 19 11 9 0 0 0 
90 71 50 38 31 27 20 13 6 0 0 0 
88 72 51 33 32 20 21 13 8 0 0 0 
79 59 56 34 31 25 22 15 5 0 0 0 
96 57 50 38 29 31 16 13 5 0 0 0 
90 63 44 37 35 28 14 10 4 0 0 0 
98 57 42 44 31 25 16 12 5 0 0 0 
106 68 40 42 33 20 13 8 6 0 0 0 
96 68 44 42 27 22 11 8 8 0 0 0 
86 62 41 39 37 22 11 9 3 0 0 0 
92 74 46 54 39 23 15 6 7 0 0 0 
88 83 46 47 41 23 16 6 3 0 0 0 
110 64 58 41 37 22 14 4 5 0 0 0 
94 63 45 46 37 23 14 6 2 0 0 0 
91 86 55 56 36 18 15 9 3 0 0 0 
97 75 69 49 43 17 13 10 6 0 0 0 
97 88 53 57 37 22 8 11 3 0 0 0 
97 78 43 55 33 26 17 9 1 0 0 0 
107 76 69 50 43 29 18 10 0 0 0 0 
103 85 53 54 39 29 14 10 0 0 0 0 
95 78 79 51 39 20 18 9 2 0 0 0 
114 87 76 52 39 26 21 7 3 0 0 0 
112 87 72 47 38 23 18 14 1 0 0 0 
98 84 73 48 33 23 18 10 3 0 0 0 
114 93 67 53 34 23 16 14 5 0 0 0 
110 97 74 50 43 22 16 17 3 0 0 0 
108 96 67 49 34 25 16 16 3 0 0 0 
107 86 62 38 32 17 14 14 4 0 0 0 
104 84 65 43 31 22 13 9 5 0 0 0 
114 91 69 40 25 15 9 13 7 0 0 0 
112 86 70 44 38 24 15 10 8 0 0 0 
94 87 69 44 41 21 15 11 7 0 0 0 
85 75 50 43 37 18 12 16 6 0 0 0 
92 85 55 50 34 13 10 13 5 0 0 0 
86 86 52 39 37 20 12 10 7 0 0 0 
86 83 54 44 35 18 15 10 3 0 0 0 
82 69 52 47 29 16 9 9 5 0 0 0 
72 76 53 44 35 14 9 6 5 0 0 0 
70 63 53 44 37 17 7 10 3 0 0 0 
77 75 60 41 42 15 15 9 6 0 0 0 
74 63 53 47 41 16 15 11 5 0 0 0 
68 68 55 50 36 15 18 13 8 0 0 0 
64 79 56 46 37 19 13 15 11 0 0 0 
71 68 69 52 41 20 20 11 9 0 0 0 
71 84 61 58 39 21 19 14 8 0 0 0 
100 101 63 54 40 21 19 11 13 0 0 0 
72 107 62 53 36 22 20 10 12 0 0 0 
77 97 73 50 41 21 17 13 10 0 0 0 
84 99 69 55 41 24 18 10 8 0 0 0 
89 97 74 53 40 20 16 11 12 0 0 0 
80 98 73 50 40 15 20 11 10 0 0 0 
79 100 68 60 42 20 17 14 12 0 0 0 
92 105 69 58 39 22 21 13 13 0 0 0 
94 112 72 59 37 25 21 17 10 0 0 0 
93 100 62 50 33 25 18 13 8 0 0 0 
94 101 66 55 41 30 17 15 12 0 0 0 
94 102 59 51 34 25 20 11 10 0 0 0 
99 112 70 52 34 24 18 16 7 0 0 0 
93 117 69 54 33 27 19 14 9 0 0 0 
96 111 64 55 31 24 19 11 11 0 0 0 
113 102 65 51 34 27 22 14 11 0 0 0 
85 100 59 48 30 27 24 10 8 0 0 0 
101 113 61 42 40 24 24 10 9 0 0 0 
102 113 56 49 39 21 23 14 9 0 0 0 
109 106 59 48 40 22 23 16 9 0 0 0 
91 98 56 50 40 21 27 18 7 0 0 0 
87 84 60 48 49 23 25 17 11 0 0 0 
88 100 62 61 33 20 23 15 12 0 0 0 
124 108 66 56 38 32 19 17 11 0 0 0 
105 107 58 60 42 28 16 19 9 0 0 0 
95 107 65 47 41 24 18 18 7 0 0 0 
94 91 69 49 31 29 15 13 15 0 0 0 
89 91 73 54 32 27 16 10 14 0 0 0 
90 116 72 56 34 28 14 13 10 0 0 0 
92 105 68 49 32 25 19 17 8 0 0 0 
77 81 62 54 34 25 18 17 11 0 0 0 
63 79 59 53 37 22 17 17 9 0 0 0 
62 100 69 47 31 27 16 16 9 0 0 0 
89 98 69 51 30 20 13 13 7 0 0 0 
76 92 71 46 32 24 10 8 6 0 0 0 
103 92 68 53 31 18 10 9 5 0 0 0 
79 78 74 43 32 19 12 9 4 0 0 0 
81 84 50 48 36 15 9 7 4 0 0 0 
63 65 49 51 36 22 7 10 4 0 0 0 
76 72 55 45 35 17 16 12 1 0 0 0 
78 69 61 51 36 22 12 8 4 0 0 0 
87 92 70 40 37 20 9 6 6 0 0 0 
101 87 69 49 38 18 12 8 7 0 0 0 
84 93 72 46 40 20 9 12 9 0 0 0 
96 95 62 55 35 26 14 12 4 0 0 0 
97 83 65 51 42 22 19 13 6 0 0 0 
75 87 59 54 40 19 22 11 6 0 0 0 
89 91 76 53 36 28 21 9 4 0 0 0 
77 76 68 56 38 23 18 6 4 0 0 0 
85 87 49 49 40 23 20 5 3 0 0 0 
110 93 51 52 42 25 20 7 4 0 0 0 
89 85 58 52 36 18 16 9 5 0 0 0 
90 64 54 45 38 11 18 7 5 0 0 0 
96 70 49 41 34 17 17 4 5 0 0 0 
93 76 50 41 34 20 15 2 7 0 0 0 
119 67 55 41 38 22 19 4 6 0 0 0 
117 65 52 53 37 25 17 6 6 0 0 0 
99 68 37 47 27 22 21 9 6 0 0 0 
124 80 46 42 38 21 16 9 3 0 0 0 
110 78 44 47 42 28 16 13 4 0 0 0 
112 88 42 36 33 32 19 12 5 0 0 0 
105 70 43 32 34 31 16 13 4 0 0 0 
106 59 44 42 25 18 18 8 5 0 0 0 
87 68 44 33 32 21 19 13 5 0 0 0 
94 65 50 37 27 24 23 13 6 0 0 0 
72 70 47 44 34 23 21 12 6 0 0 0 
96 61 51 42 34 28 21 13 7 0 0 0 
96 76 39 34 33 26 18 13 11 0 0 0 
93 69 45 40 45 26 21 16 11 0 0 0 
81 69 44 43 38 29 26 17 13 0 0 0 
85 73 45 39 29 28 23 17 13 0 0 0 
91 71 48 47 36 30 27 16 12 0 0 0 
80 65 43 35 37 23 22 18 14 0 0 0 
80 72 52 33 37 27 23 20 10 0 0 0 
83 66 38 44 33 33 27 17 11 0 0 0 
71 61 44 45 30 33 20 15 8 0 0 0 
66 58 42 37 32 27 18 16 9 0 0 0 
59 56 43 31 31 32 20 11 10 0 0 0 
60 56 43 42 32 22 19 9 8 0 0 0 
64 67 44 47 33 26 15 9 6 0 0 0 
71 68 50 41 39 25 17 11 5 0 0 0 
72 67 59 43 36 24 15 12 5 0 0 0 
73 63 52 43 38 23 16 13 8 0 0 0 
62 88 53 47 34 28 16 17 5 0 0 0 
81 88 60 35 34 21 16 15 9 0 0 0 
98 111 72 50 38 29 15 13 11 0 0 0 
89 99 79 50 43 22 19 13 9 0 0 0 
91 102 71 53 33 23 19 12 10 0 0 0 
85 92 62 50 39 23 13 9 8 0 0 0 
98 102 67 57 36 27 17 9 10 0 0 0 
97 105 57 63 35 26 9 16 10 0 0 0 
97 98 68 46 36 23 11 14 10 0 0 0 
100 96 68 60 31 15 14 13 8 0 0 0 
99 99 69 51 32 19 13 12 8 0 0 0 
113 97 64 47 28 17 12 8 6 0 0 0 
102 100 63 51 33 21 5 9 4 0 0 0 
90 98 64 49 41 21 11 10 3 0 0 0 
111 83 68 57 38 20 13 6 2 0 0 0 
96 71 59 46 37 22 9 10 5 0 0 0 
109 86 59 61 38 19 10 11 6 0 0 0 
106 86 65 55 37 19 10 10 8 0 0 0 
114 90 69 48 36 22 11 8 7 0 0 0 
101 93 72 53 28 19 16 9 11 0 0 0 
89 86 72 53 31 21 12 15 7 0 0 0 
120 102 74 53 39 17 21 13 4 0 0 0 
115 91 67 51 38 20 22 13 4 0 0 0 
98 88 54 51 33 19 24 9 6 0 0 0 
90 88 54 48 38 23 21 12 4 0 0 0 
85 77 61 48 36 20 17 6 6 0 0 0 
79 85 60 46 33 25 18 5 2 0 0 0 
85 92 57 51 35 21 18 9 6 0 0 0 
78 87 68 52 37 23 15 9 4 0 0 0 
75 85 54 40 35 14 21 8 6 0 0 0 
61 91 44 30 34 17 16 9 6 0 0 0 
68 80 53 22 40 18 14 4 6 0 0 0 
82 80 62 28 32 18 17 8 2 0 0 0 
64 81 53 23 35 17 13 9 3 0 0 0 
72 82 44 30 27 17 14 7 6 0 0 0 
63 77 51 29 21 19 14 9 7 0 0 0 
62 70 49 27 26 22 15 12 5 0 0 0 
75 71 57 36 26 22 11 11 7 0 0 0 
56 57 46 30 28 27 9 7 7 0 0 0 
48 71 43 35 21 26 12 10 5 0 0 0 
49 58 35 33 27 24 19 11 9 0 0 0 
48 57 34 29 28 19 17 10 10 0 0 0 
41 71 42 31 31 23 18 14 7 0 0 0 
53 67 47 38 32 25 19 7 8 0 0 0 
61 65 57 34 38 26 23 11 7 0 0 0 
66 61 47 32 39 24 23 16 8 0 0 0 
59 59 42 33 26 21 22 18 8 0 0 0 
54 60 45 26 36 27 24 13 12 0 0 0 
63 70 48 40 35 31 20 15 8 0 0 0 
74 69 62 46 44 33 26 17 12 0 0 0 
63 69 58 36 35 30 27 16 11 0 0 0 
64 67 50 38 36 28 26 19 13 0 0 0 
81 58 51 41 35 28 23 16 12 0 0 0 
84 72 49 38 26 28 25 17 9 0 0 0 
79 64 45 41 37 22 20 17 7 0 0 0 
71 53 44 45 29 29 20 16 7 0 0 0 
67 52 40 45 23 24 17 14 9 0 0 0 
88 67 45 52 35 29 15 13 8 0 0 0 
76 62 63 40 32 28 21 14 7 0 0 0 
104 72 56 41 33 28 16 17 5 0 0 0 
96 77 58 43 31 30 17 16 7 0 0 0 
91 74 53 48 30 29 23 22 5 0 0 0 
105 96 68 37 43 28 20 19 6 0 0 0 
89 95 55 45 25 16 21 16 8 0 0 0 
99 85 54 45 35 25 19 13 12 0 0 0 
116 110 72 51 32 29 12 12 6 0 0 0 
95 92 67 45 31 30 12 13 5 0 0 0 
93 99 62 55 31 29 17 13 7 0 0 0 
99 89 67 54 31 22 13 10 7 0 0 0 
121 98 66 60 30 23 16 9 9 0 0 0 
119 94 61 41 34 16 18 7 5 0 0 0 
101 85 55 47 39 13 11 7 1 0 0 0 
117 93 61 55 42 19 13 7 6 0 0 0 
117 92 62 54 40 16 9 10 4 0 0 0 
108 84 70 45 33 23 14 11 4 0 0 0 
108 87 62 48 36 18 11 10 5 0 0 0 
102 100 66 48 37 18 12 14 7 0 0 0 
105 106 65 45 34 19 14 8 10 0 0 0 
114 97 63 47 27 16 16 11 5 0 0 0 
99 92 57 46 26 27 14 8 3 0 0 0 
77 76 63 43 30 26 12 7 6 0 0 0 
82 92 61 40 36 26 17 8 5 0 0 0 
63 81 51 47 24 19 17 3 2 0 0 0 
52 76 52 38 21 20 11 3 6 0 0 0 
47 74 49 38 30 23 8 5 4 0 0 0 
45 69 50 34 26 13 11 4 2 0 0 0 
62 75 59 38 34 20 14 9 2 0 0 0 
50 72 42 35 29 17 11 9 4 0 0 0 
55 77 42 32 31 17 10 7 7 0 0 0 
60 69 52 27 31 17 10 8 6 0 0 0 
65 81 58 26 29 20 13 9 6 0 0 0 
56 87 54 26 32 20 13 7 5 0 0 0 
72 76 41 25 23 20 13 10 2 0 0 0 
83 74 50 27 24 22 16 11 5 0 0 0 
70 58 55 25 27 26 17 8 5 0 0 0 
76 66 48 30 22 21 20 5 9 0 0 0 
73 63 46 27 25 24 12 8 9 0 0 0 
77 80 46 31 29 26 17 9 7 0 0 0 
60 61 40 42 23 28 19 9 9 0 0 0 
84 73 46 36 35 25 20 11 7 0 0 0 
71 62 39 36 29 33 22 9 6 0 0 0 
77 74 40 36 39 19 24 14 7 0 0 0 
71 68 49 44 43 25 22 12 8 0 0 0 
79 61 37 44 35 22 27 13 8 0 0 0 
85 68 38 39 36 22 23 20 6 0 0 0 
76 58 55 37 36 24 24 16 9 0 0 0 
94 70 53 50 33 33 18 17 8 0 0 0 
77 77 58 41 34 31 24 14 6 0 0 0 
83 65 47 49 34 24 27 11 9 0 0 0 
100 67 45 41 35 30 25 16 6 0 0 0 
86 73 49 34 39 38 22 14 7 0 0 0 
82 51 50 42 35 25 24 12 8 0 0 0 
83 61 57 42 37 31 18 20 11 0 0 0 
84 62 67 43 36 27 17 13 10 0 0 0 
74 79 53 50 38 27 23 17 8 0 0 0 
81 81 55 44 32 28 15 16 7 0 0 0 
62 87 58 49 33 29 24 13 7 0 0 0 
70 96 65 46 36 23 19 11 6 0 0 0 
60 90 74 46 31 29 16 14 8 0 0 0 
58 91 65 41 30 21 15 14 8 0 0 0 
69 95 73 48 30 22 19 10 8 0 0 0 
54 100 67 43 32 21 18 15 9 0 0 0 
55 94 61 43 35 26 17 16 4 0 0 0 
51 104 61 57 32 20 11 12 2 0 0 0 
38 108 56 46 28 22 14 10 7 0 0 0 
50 83 58 40 30 23 14 10 2 0 0 0 
50 92 52 47 34 18 16 9 4 0 0 0 
42 81 68 48 37 15 13 10 4 0 0 0 
43 88 61 48 32 16 10 11 3 0 0 0 
42 80 54 49 31 17 11 9 4 0 0 0 
34 83 57 37 30 21 12 6 2 0 0 0 
62 96 62 47 33 25 11 6 5 0 0 0 
56 80 51 45 26 20 11 9 3 0 0 0 
53 78 47 42 31 21 7 10 4 0 0 0 
53 87 54 41 28 20 7 8 5 0 0 0 
71 90 47 42 28 24 12 8 5 0 0 0 
64 93 48 46 28 22 12 10 8 0 0 0 
70 83 50 50 23 22 10 7 8 0 0 0 
65 88 49 46 23 21 8 8 5 0 0 0 
71 87 58 43 31 26 8 8 7 0 0 0 
53 76 66 43 27 22 12 5 5 0 0 0 
61 79 59 39 24 24 9 8 3 0 0 0 
76 87 58 40 24 20 12 9 3 0 0 0 
76 89 55 41 26 26 12 8 2 0 0 0 
79 82 67 42 34 26 14 7 2 0 0 0 
49 76 61 49 31 22 15 9 2 0 0 0 
74 85 64 54 32 26 10 8 1 0 0 0 
69 93 66 47 34 22 15 8 1 0 0 0 
87 84 69 46 37 23 12 7 2 0 0 0 
80 88 64 50 34 19 13 8 1 0 0 0 
79 97 64 57 32 23 17 8 3 0 0 0 
68 86 59 46 33 27 17 10 2 0 0 0 
82 89 61 51 31 27 11 12 3 0 0 0 
87 74 60 48 35 18 14 11 4 0 0 0 
89 87 54 43 30 21 14 12 3 0 0 0 
77 74 64 45 32 21 14 10 6 0 0 0 
98 84 58 55 32 20 17 13 5 0 0 0 
115 76 62 51 34 19 14 10 5 0 0 0 
117 92 60 51 32 17 18 9 5 0 0 0 
99 86 62 55 34 13 18 7 6 0 0 0 
76 71 49 44 31 19 15 13 5 0 0 0 
74 72 44 54 33 19 12 8 4 0 0 0 
100 75 67 50 26 20 16 13 4 0 0 0 
90 71 64 42 34 19 8 9 5 0 0 0 
86 57 47 43 30 24 10 9 4 0 0 0 
78 71 49 43 29 22 10 12 5 0 0 0 
86 52 53 47 34 23 11 13 6 0 0 0 
105 67 59 50 31 24 18 13 5 0 0 0 
85 68 57 47 33 26 13 16 8 0 0 0 
73 66 53 43 39 15 16 14 9 0 0 0 
71 71 58 47 38 19 15 11 9 0 0 0 
73 56 54 47 36 26 18 9 8 0 0 0 
55 66 49 43 40 22 17 15 9 0 0 0 
61 93 62 55 38 23 22 11 13 0 0 0 
63 95 68 50 38 23 21 13 10 0 0 0 
74 95 62 45 32 23 19 15 7 0 0 0 
53 66 46 42 34 26 16 17 7 0 0 0 
36 71 49 45 37 27 20 12 4 0 0 0 
43 71 49 43 37 23 21 11 7 0 0 0 
42 54 42 42 35 22 19 14 5 0 0 0 
46 61 44 44 33 29 20 12 5 0 0 0 
51 52 47 40 30 32 19 12 9 0 0 0 
48 49 52 46 34 28 23 12 9 0 0 0 
41 53 44 40 26 26 22 13 11 0 0 0 
50 49 44 33 35 30 19 14 8 0 0 0 
48 50 41 39 36 29 20 16 7 0 0 0 
52 59 49 48 35 29 25 17 15 0 0 0 
53 61 55 43 41 32 22 15 14 0 0 0 
39 55 44 41 43 26 22 16 13 0 0 0 
57 63 51 30 43 29 21 16 11 0 0 0 
44 54 57 40 33 31 25 16 11 0 0 0 
42 53 46 32 34 29 24 14 10 0 0 0 
40 65 43 38 32 33 21 12 9 0 0 0 
61 71 52 36 33 24 20 16 6 0 0 0 
56 63 44 24 34 30 21 10 5 0 0 0 
62 55 48 26 40 22 19 9 4 0 0 0 
55 62 51 31 28 22 19 11 6 0 0 0 
47 64 49 24 22 23 16 7 5 0 0 0 
86 59 56 22 30 24 19 10 8 0 0 0 
77 63 39 31 31 19 20 8 9 0 0 0 
68 64 35 24 31 28 19 10 6 0 0 0 
69 73 42 34 29 32 18 8 6 0 0 0 
93 61 50 35 24 24 13 10 6 0 0 0 
86 87 55 41 28 24 20 7 6 0 0 0 
80 81 47 48 31 20 18 6 6 0 0 0 
74 77 47 36 37 22 13 7 4 0 0 0 
75 66 44 42 29 24 15 9 1 0 0 0 
65 57 52 58 31 18 18 8 5 0 0 0 
89 78 58 60 34 24 19 12 4 0 0 0 
85 65 64 56 38 28 24 10 4 0 0 0 
88 76 66 50 40 32 16 5 6 0 0 0 
95 57 62 51 32 26 25 10 4 0 0 0 
79 70 66 49 33 26 21 10 3 0 0 0 
123 93 76 46 39 19 24 13 6 0 0 0 
124 93 64 50 39 24 16 8 6 0 0 0 
115 86 76 43 39 20 12 4 7 0 0 0 
113 80 69 50 30 23 13 5 4 0 0 0 
119 88 62 44 35 14 16 6 4 0 0 0 
113 85 60 44 31 16 15 10 2 0 0 0 
109 73 59 49 38 19 18 10 2 0 0 0 
94 76 55 48 39 19 18 10 6 0 0 0 
86 63 64 50 32 18 7 10 4 0 0 0 
85 53 53 44 34 14 11 6 4 0 0 0 
84 74 52 46 31 20 9 10 7 0 0 0 
87 74 58 46 29 21 13 12 5 0 0 0 
70 74 63 53 38 19 17 15 14 0 0 0 
74 88 72 56 34 29 17 10 7 0 0 0 
99 103 69 56 35 21 17 9 7 0 0 0 
88 106 71 57 36 24 16 11 5 0 0 0 
87 97 66 56 35 19 15 11 9 0 0 0 
105 103 65 53 32 25 16 14 13 0 0 0 
103 109 76 58 36 21 22 17 5 0 0 0 
102 110 70 50 35 30 21 16 6 0 0 0 
90 90 56 45 33 28 18 18 5 0 0 0 
77 67 56 52 31 29 23 10 9 0 0 0 
86 70 56 49 38 28 18 7 5 0 0 0 
82 68 47 42 35 29 18 12 5 0 0 0 
76 62 39 41 37 33 16 19 6 0 0 0 
61 54 41 40 31 26 21 13 6 0 0 0 
83 76 52 41 34 30 15 16 9 0 0 0 
73 71 53 38 34 32 19 19 8 0 0 0 
57 68 54 46 33 26 21 18 10 0 0 0 
76 64 62 49 35 26 22 18 10 0 0 0 
69 75 51 42 40 29 23 21 13 0 0 0 
76 76 61 38 35 27 22 16 12 0 0 0 
62 70 58 37 40 26 21 18 14 0 0 0 
76 72 61 42 40 29 23 17 8 0 0 0 
80 75 55 51 36 32 25 16 13 0 0 0 
73 60 48 38 31 26 26 13 11 0 0 0 
77 72 46 36 37 27 19 15 9 0 0 0 
76 70 45 37 38 23 20 16 5 0 0 0 
74 72 44 35 37 25 24 15 7 0 0 0 
75 57 48 36 28 28 22 13 5 0 0 0 
73 69 46 35 34 24 20 7 7 0 0 0 
72 56 54 33 36 29 17 13 7 0 0 0 
63 66 48 33 22 24 15 14 7 0 0 0 
82 59 45 28 29 31 12 7 6 0 0 0 
67 66 40 34 27 26 14 8 5 0 0 0 
85 74 46 40 21 22 21 6 7 0 0 0 
81 71 48 39 24 24 13 6 6 0 0 0 
91 66 39 39 32 18 15 5 5 0 0 0 
102 67 44 35 35 22 13 7 6 0 0 0 
85 66 48 33 32 20 9 5 5 0 0 0 
65 72 45 29 35 13 10 4 7 0 0 0 
80 75 48 45 31 18 18 2 6 0 0 0 
74 83 55 44 33 15 15 8 3 0 0 0 
78 73 62 45 33 24 10 6 3 0 0 0 
69 73 58 48 33 27 5 6 3 0 0 0 
68 67 46 44 30 19 7 8 4 0 0 0 
73 86 52 53 34 25 10 4 5 0 0 0 
79 91 51 43 42 25 18 1 5 0 0 0 
74 83 53 47 37 26 19 4 5 0 0 0 
79 82 69 44 39 22 21 8 3 0 0 0 
100 86 54 46 31 24 17 9 3 0 0 0 
113 90 67 62 31 19 17 9 4 0 0 0 
125 77 74 51 36 17 15 8 3 0 0 0 
94 83 60 48 41 21 14 13 5 0 0 0 
114 69 60 51 28 22 15 9 7 0 0 0 
95 79 62 41 31 18 16 8 7 0 0 0 
101 75 61 47 36 16 12 10 6 0 0 0 
89 82 63 51 38 22 14 9 4 0 0 0 
79 81 51 55 40 18 10 10 5 0 0 0 
101 72 48 49 24 14 10 13 2 0 0 0 
95 78 66 50 39 23 12 9 7 0 0 0 
74 81 51 49 36 22 13 12 6 0 0 0 
95 80 64 41 38 23 13 11 7 0 0 0 
78 92 51 48 33 23 13 15 8 0 0 0 
84 73 70 46 41 20 18 16 7 0 0 0 
80 88 77 46 35 23 20 16 6 0 0 0 
100 79 77 49 34 29 20 13 9 0 0 0 
94 80 66 47 35 28 24 14 13 0 0 0 
84 89 55 48 35 27 18 13 11 0 0 0 
77 87 58 43 35 32 24 11 13 0 0 0 
78 89 56 46 32 33 24 11 7 0 0 0 
56 83 56 46 36 27 18 8 8 0 0 0 
81 62 55 42 31 29 19 14 5 0 0 0 
79 66 54 49 33 28 16 12 5 0 0 0 
60 64 44 39 37 24 21 18 7 0 0 0 
67 64 48 44 37 26 23 15 8 0 0 0 
62 64 40 45 30 27 20 17 9 0 0 0 
66 61 52 43 34 27 20 16 9 0 0 0 
55 66 48 43 36 28 20 16 11 0 0 0 
75 66 45 41 34 28 23 16 15 0 0 0 
55 71 45 41 41 31 20 17 16 0 0 0 
53 66 50 40 36 35 27 15 14 0 0 0 
76 80 64 35 33 30 22 17 11 0 0 0 
74 72 56 41 30 36 18 16 13 0 0 0 
64 58 51 34 30 32 20 10 11 0 0 0 
68 59 42 37 28 31 24 13 10 0 0 0 
67 64 46 29 24 31 21 17 8 0 0 0 
73 68 46 28 31 27 18 13 9 0 0 0 
82 74 44 32 32 29 16 13 4 0 0 0 
69 68 53 31 34 29 18 8 7 0 0 0 
69 75 42 40 23 25 18 13 6 0 0 0 
58 66 45 35 26 25 18 10 5 0 0 0 
64 65 44 31 33 28 13 11 8 0 0 0 
87 65 47 36 25 36 11 9 6 0 0 0 
91 66 54 30 28 25 17 7 8 0 0 0 
92 67 50 36 36 21 10 9 10 0 0 0 
95 70 65 37 29 24 10 10 4 0 0 0 
100 74 49 36 33 21 18 6 5 0 0 0 
104 82 44 39 33 21 14 6 5 0 0 0 
106 77 51 46 37 28 12 4 5 0 0 0 
89 74 38 48 27 22 15 8 4 0 0 0 
71 71 50 45 27 32 16 10 5 0 0 0 
108 90 50 45 35 29 19 7 5 0 0 0 
104 82 73 45 37 30 19 7 3 0 0 0 
92 87 55 48 43 30 20 7 5 0 0 0 
99 88 60 47 42 27 20 10 2 0 0 0 
115 97 70 45 34 30 24 15 3 0 0 0 
112 93 64 49 39 27 17 15 2 0 0 0 
108 96 57 48 39 21 19 14 2 0 0 0 
81 76 60 48 36 21 18 12 3 0 0 0 
89 87 65 40 39 16 14 7 6 0 0 0 
117 91 59 49 31 19 12 12 6 0 0 0 
92 86 59 48 33 17 11 10 3 0 0 0 
104 84 57 38 35 14 12 15 5 0 0 0 
99 78 63 49 35 18 12 8 6 0 0 0 
111 83 59 53 32 17 11 11 3 0 0 0 
96 82 57 49 34 23 10 8 5 0 0 0 
79 76 67 43 36 18 16 8 5 0 0 0 
103 79 71 48 43 23 13 10 8 0 0 0 
96 84 69 45 28 26 16 10 10 0 0 0 
97 97 75 46 38 24 16 13 9 0 0 0 
102 94 72 55 29 24 17 12 7 0 0 0 
102 98 72 56 32 27 17 13 9 0 0 0 
95 97 74 49 33 22 20 14 10 0 0 0 
111 106 74 60 32 27 18 13 13 0 0 0 
110 98 73 55 37 29 15 12 10 0 0 0 
86 93 63 51 34 27 17 15 10 0 0 0 
85 87 71 55 33 26 17 14 13 0 0 0 
115 103 72 59 40 25 17 14 13 0 0 0 
124 102 78 54 36 25 14 14 10 0 0 0 
115 102 79 58 35 29 16 9 9 0 0 0 
120 108 71 55 32 21 17 12 11 0 0 0 
106 99 69 52 45 22 16 14 11 0 0 0 
118 106 92 54 38 25 18 15 11 0 0 0 
120 109 80 54 34 25 18 14 10 0 0 0 
113 119 82 59 36 33 15 12 12 0 0 0 
113 103 77 53 34 31 15 14 15 0 0 0 
116 111 74 61 37 23 18 11 11 0 0 0 
116 120 85 53 36 28 15 12 13 0 0 0 
96 109 76 58 36 26 16 14 12 0 0 0 
98 102 74 52 30 35 20 16 11 0 0 0 
123 107 73 63 32 32 16 16 11 0 0 0 
121 112 84 62 33 29 19 14 13 0 0 0 
125 103 84 67 33 34 17 13 14 0 0 0 
122 102 70 70 36 29 19 15 10 0 0 0 
120 92 76 55 31 26 16 14 13 0 0 0 
111 107 81 66 37 25 20 16 9 0 0 0 
104 100 87 58 37 24 17 17 10 0 0 0 
114 114 73 62 32 21 20 11 13 0 0 0 
106 105 67 60 28 24 18 16 10 0 0 0 
120 102 73 63 33 27 21 14 13 0 0 0 
111 104 62 70 26 25 22 15 10 0 0 0 
129 109 81 67 41 27 19 14 13 0 0 0 
129 108 72 61 35 31 21 16 12 0 0 0 
121 109 77 65 40 29 16 16 13 0 0 0 
144 108 75 68 37 32 16 14 14 0 0 0 
133 114 73 64 39 33 16 13 15 0 0 0 
124 109 85 66 38 26 15 16 13 0 0 0 
132 121 72 64 29 29 17 15 12 0 0 0 
126 122 77 64 37 31 14 14 15 0 0 0 
117 125 70 62 35 26 19 15 15 0 0 0 
115 114 68 64 30 27 24 9 13 0 0 0 
137 117 75 57 36 31 26 12 16 0 0 0 












0 0 0 0 0 0 0 0 0 0 0 0 
0 0 0 0 0 0 0 0 0 0 0 0 
0 0 0 0 0 0 0 0 0 0 0 0 
0 0 0 0 0 0 0 0 0 0 0 0 
0 0 0 0 0 0 0 0 0 0 0 0 
0 0 0 0 0 0 0 0 0 0 0 0 
0 0 0 0 0 0 0 0 0 0 0 0 
0 0 0 0 0 0 0 0 0 0 0 0 
0 0 0 0 0 0 0 0 0 0 0 0 
0 0 0 0 0 0 0 0 0 0 0 0 
0 0 0 0 0 0 0 0 0 0 0 0 
0 0 0 0 0 0 0 0 0 0 0 0 
0 0 0 0 0 0 0 0 0 0 0 0 
0 0 0 0 0 0 0 0 0 0 0 0 
0 0 0 0 0 0 0 0 0 0 0 0 
0 0 0 0 0 0 0 0 0 0 0 0 
0 0 0 0 0 0 0 0 0 0 0 0 
0 0 0 0 0 0 0 0 0 0 0 0 
0 0 0 0 0 0 0 0 0 0 0 0 
0 0 0 0 0 0 0 0 0 0 0 0 
0 0 0 0 0 0 0 0 0 0 0 0 
0 0 0 0 0 0 0 0 0 0 0 0 
0 0 0 0 0 0 0 0 0 0 0 0 
0 0 0 0 0 0 0 0 0 0 0 0 
464 0 0 0 0 0 0 0 0 0 0 0 
97 57 44 31 24 12 10 3 0 0 0 0 
39 31 19 12 15 7 9 6 2 0 0 0 
44 46 32 30 18 13 14 5 1 0 0 0 
47 51 48 29 25 16 13 6 2 0 0 0 
48 57 56 41 19 18 13 12 1 0 0 0 
56 48 58 41 25 28 18 11 1 0 0 0 
50 57 50 43 33 26 23 11 1 0 0 0 
51 60 46 35 29 24 24 12 1 0 0 0 
53 54 46 38 33 27 20 15 2 0 0 0 
48 54 44 40 28 21 23 13 3 0 0 0 
43 48 38 35 31 23 23 15 3 0 0 0 
43 51 39 30 30 27 23 13 3 0 0 0 
58 48 36 37 34 16 26 13 4 0 0 0 
46 48 41 30 32 19 24 13 3 0 0 0 
39 49 34 37 28 26 20 9 5 0 0 0 
34 50 44 34 32 22 19 10 6 0 0 0 
39 49 39 33 28 28 14 13 8 0 0 0 
49 35 39 39 33 19 15 15 7 0 0 0 
48 43 43 33 28 24 16 10 9 0 0 0 
37 40 35 42 27 23 14 8 10 0 0 0 
55 38 54 42 26 14 12 8 13 0 0 0 
36 47 43 36 29 17 7 7 11 0 0 0 
67 53 41 36 28 16 15 15 12 0 0 0 
54 57 47 32 26 17 15 12 9 0 0 0 
41 63 48 35 24 14 12 10 7 0 0 0 
56 58 53 40 25 16 12 10 8 0 0 0 
65 72 55 35 21 22 11 12 5 0 0 0 
63 65 56 34 26 14 10 6 7 0 0 0 
93 66 61 37 26 14 16 11 5 0 0 0 
61 53 55 35 24 21 13 10 1 0 0 0 
71 56 42 27 28 15 16 7 0 0 0 0 
56 48 46 33 20 16 13 7 2 0 0 0 
69 59 51 23 22 13 7 5 3 0 0 0 
65 46 37 27 19 14 9 5 1 0 0 0 
49 43 39 27 21 10 10 4 1 0 0 0 
42 43 37 28 13 13 3 5 0 0 0 0 
55 48 31 17 19 14 4 2 1 0 0 0 
29 22 25 16 14 11 5 1 0 0 0 0 
29 36 31 15 10 4 4 1 0 0 0 0 
45 33 22 23 11 9 4 0 0 0 0 0 
22 30 26 24 8 7 3 1 0 0 0 0 
28 39 24 16 14 9 4 2 0 0 0 0 
28 39 23 17 8 5 4 3 0 0 0 0 
37 38 30 13 9 7 2 2 0 0 0 0 
35 40 29 24 11 7 2 3 1 0 0 0 
33 47 30 21 11 4 0 4 0 0 0 0 
44 42 34 33 14 8 1 6 4 0 0 0 
27 38 34 23 12 8 6 3 3 0 0 0 
20 24 27 38 16 13 11 5 4 0 0 0 
32 34 34 31 20 9 8 3 4 0 0 0 
47 51 44 30 26 14 7 2 2 0 0 0 
62 61 40 31 21 14 6 6 3 0 0 0 
67 46 41 31 22 15 6 5 2 0 0 0 
47 43 36 28 22 9 5 5 3 0 0 0 
46 44 50 36 29 17 11 2 1 0 0 0 
40 45 35 42 26 19 7 5 2 0 0 0 
49 57 54 46 26 30 13 5 4 0 0 0 
25 37 43 35 28 21 15 3 3 0 0 0 
34 55 47 45 25 21 13 4 5 0 0 0 
45 47 43 40 30 27 15 7 1 0 0 0 
44 41 45 40 25 23 18 5 1 0 0 0 
51 64 57 43 34 22 12 5 1 0 0 0 
49 54 56 43 30 24 20 7 1 0 0 0 
53 47 44 38 29 20 13 8 0 0 0 0 
63 55 55 36 25 16 16 12 1 0 0 0 
82 68 54 46 26 20 16 9 5 0 0 0 
59 50 56 43 22 18 11 12 2 0 0 0 
54 57 48 41 24 20 18 13 4 0 0 0 
82 57 45 51 28 21 20 15 5 0 0 0 
72 60 49 49 26 21 21 14 4 0 0 0 
65 62 43 44 32 18 11 15 4 0 0 0 
84 68 52 45 26 24 17 14 8 0 0 0 
74 66 49 40 29 19 20 11 4 0 0 0 
65 57 49 37 27 19 18 12 4 0 0 0 
81 68 54 50 30 19 19 8 7 0 0 0 
86 51 57 43 30 20 16 9 8 0 0 0 
82 57 55 48 32 18 15 9 5 0 0 0 
76 62 52 51 26 21 20 9 6 0 0 0 
85 61 64 47 29 21 17 11 6 0 0 0 
62 54 65 44 33 22 11 11 7 0 0 0 
57 45 44 44 31 23 15 13 6 0 0 0 
53 60 60 44 29 23 14 13 4 0 0 0 
60 58 53 55 30 20 14 9 6 0 0 0 
56 48 49 48 23 20 15 12 4 0 0 0 
63 51 48 38 35 19 14 14 5 0 0 0 
63 61 54 46 32 19 14 15 3 0 0 0 
74 81 67 53 31 19 19 16 6 0 0 0 
57 75 62 48 33 27 17 20 6 0 0 0 
72 77 63 53 32 19 13 15 7 0 0 0 
57 63 58 63 28 19 23 15 5 0 0 0 
60 74 69 47 32 27 18 10 6 0 0 0 
73 69 56 62 31 24 22 15 9 0 0 0 
82 81 64 49 31 26 17 15 7 0 0 0 
84 87 64 61 30 35 15 17 6 0 0 0 
64 79 65 53 28 31 20 16 6 0 0 0 
62 76 74 53 29 25 21 12 8 0 0 0 
68 82 68 63 30 21 21 11 6 0 0 0 
71 77 67 57 33 20 15 18 7 0 0 0 
77 80 67 52 29 23 21 10 8 0 0 0 
58 70 59 40 28 25 21 12 5 0 0 0 
79 72 65 52 21 22 14 10 6 0 0 0 
58 70 60 54 25 18 17 12 3 0 0 0 
69 74 65 57 29 19 15 9 5 0 0 0 
58 60 55 46 25 15 18 8 3 0 0 0 
67 62 51 49 23 13 12 5 3 0 0 0 
61 63 47 34 30 17 14 10 4 0 0 0 
54 49 46 33 33 11 13 5 2 0 0 0 
64 65 44 40 29 14 10 5 2 0 0 0 
63 67 51 37 28 18 12 7 4 0 0 0 
69 52 51 43 19 13 8 4 4 0 0 0 
71 54 35 46 18 8 8 8 2 0 0 0 
66 49 39 32 17 15 5 3 2 0 0 0 
60 50 38 31 15 10 8 5 2 0 0 0 
57 52 42 24 18 12 7 4 5 0 0 0 
34 38 34 23 16 9 4 0 4 0 0 0 
36 30 26 20 24 11 5 2 3 0 0 0 
31 35 25 22 16 13 1 4 3 0 0 0 
20 35 27 25 15 10 4 2 1 0 0 0 
20 24 30 16 10 11 5 2 0 0 0 0 
19 19 13 13 16 15 6 2 1 0 0 0 
9 11 10 13 12 9 6 1 1 0 0 0 
17 31 31 26 15 17 13 5 2 0 0 0 
7 13 15 17 14 12 8 1 1 0 0 0 
19 24 35 26 22 20 12 2 1 0 0 0 
10 12 23 21 19 21 13 5 0 0 0 0 
23 18 19 22 15 18 13 4 1 0 0 0 
13 20 27 22 19 18 15 5 3 0 0 0 
5 6 13 10 6 13 8 6 2 0 0 0 
3 10 9 8 16 7 10 6 1 0 0 0 
4 10 7 14 22 8 6 2 1 0 0 0 
15 10 14 15 14 9 7 1 1 0 0 0 
29 28 20 27 27 15 7 5 3 0 0 0 
26 33 27 28 21 15 10 3 2 0 0 0 
32 24 22 18 23 20 6 5 2 0 0 0 
34 41 23 30 17 19 8 6 0 0 0 0 
39 45 32 36 25 29 10 5 2 0 0 0 
31 34 30 30 25 20 13 9 3 0 0 0 
41 20 23 26 23 25 7 7 2 0 0 0 
29 25 29 20 15 22 9 5 5 0 0 0 
31 27 21 19 20 16 13 7 2 0 0 0 
32 30 17 22 15 18 14 10 5 0 0 0 
28 21 20 20 20 18 15 11 3 0 0 0 
23 30 30 22 18 20 15 9 4 0 0 0 
25 18 16 20 15 19 13 11 4 0 0 0 
36 30 24 25 21 16 13 10 2 0 0 0 
24 23 16 18 14 14 7 6 2 0 0 0 
32 23 30 14 17 11 9 7 2 0 0 0 
24 23 22 16 14 15 10 7 6 0 0 0 
32 22 29 20 25 17 7 6 3 0 0 0 
27 23 30 15 20 19 9 7 7 0 0 0 
19 23 23 15 20 16 8 7 6 0 0 0 
31 22 23 19 21 18 16 8 7 0 0 0 
17 21 22 26 15 19 10 8 5 0 0 0 
16 22 23 15 19 13 17 8 10 0 0 0 
15 16 22 15 16 16 13 8 7 0 0 0 
24 24 21 23 24 16 15 6 4 0 0 0 
15 19 18 20 21 12 13 4 3 0 0 0 
21 26 32 26 21 12 9 9 2 0 0 0 
20 25 19 21 15 13 6 7 0 0 0 0 
21 28 27 25 13 17 9 9 1 0 0 0 
19 20 24 18 14 12 10 2 0 0 0 0 
28 32 24 22 18 15 11 4 0 0 0 0 
26 27 22 23 13 10 11 2 0 0 0 0 
32 32 31 28 17 18 10 5 1 0 0 0 
33 32 24 23 18 14 9 5 1 0 0 0 
51 37 31 29 22 19 8 7 2 0 0 0 
5 23 17 23 27 20 19 14 3 0 0 0 
10 30 21 16 12 13 10 11 12 0 0 0 
18 34 30 34 26 20 17 11 13 0 0 0 
22 52 42 35 31 20 19 12 11 0 0 0 
15 27 32 32 27 21 15 16 10 0 0 0 
28 78 59 47 30 19 16 11 10 0 0 0 
20 46 42 37 27 21 16 13 8 0 0 0 
23 49 44 36 35 19 12 17 8 0 0 0 
17 32 34 36 26 19 14 11 6 0 0 0 
23 56 53 38 31 20 10 10 7 0 0 0 
4 22 14 7 13 11 5 7 6 0 0 0 
7 19 13 20 22 7 9 7 4 0 0 0 
9 18 17 12 13 11 8 4 4 0 0 0 
4 30 22 10 14 7 6 2 2 0 0 0 
4 10 13 16 10 6 3 1 2 0 0 0 
4 15 6 11 9 4 1 2 2 0 0 0 
27 19 27 25 28 20 11 4 5 0 0 0 
20 32 39 28 20 10 6 7 1 0 0 0 
37 30 32 26 20 19 15 8 4 0 0 0 
45 46 48 41 29 16 9 12 3 0 0 0 
60 45 48 42 29 18 14 8 4 0 0 0 
38 49 47 38 29 21 12 11 6 0 0 0 
42 59 64 39 28 19 13 9 5 0 0 0 
29 48 56 49 35 21 13 11 3 0 0 0 
22 38 41 44 34 17 17 14 2 0 0 0 
53 57 44 28 32 24 20 10 2 0 0 0 
23 41 59 40 31 19 22 13 1 0 0 0 
36 34 57 32 29 21 21 17 1 0 0 0 
27 34 37 31 26 19 19 7 2 0 0 0 
55 46 39 36 29 20 15 9 2 0 0 0 
32 34 32 27 25 17 16 8 2 0 0 0 
22 36 26 28 24 16 16 6 3 0 0 0 
19 29 28 30 24 19 8 7 2 0 0 0 
34 28 23 20 28 16 11 8 4 0 0 0 
33 36 33 34 30 25 10 9 5 0 0 0 
33 42 26 26 31 17 13 9 6 0 0 0 
25 32 31 32 28 17 20 5 7 0 0 0 
17 24 34 26 25 19 15 3 7 0 0 0 
28 39 32 32 36 24 11 7 7 0 0 0 
33 40 33 29 33 22 13 7 7 0 0 0 
26 36 31 33 28 20 15 7 8 0 0 0 
34 36 39 21 25 31 17 12 8 0 0 0 
40 45 33 36 28 19 19 16 6 0 0 0 
45 44 34 27 32 27 16 12 7 0 0 0 
30 34 25 26 24 26 15 13 3 0 0 0 
26 33 29 24 28 26 14 11 7 0 0 0 
35 34 38 37 29 26 17 15 7 0 0 0 
22 22 31 32 27 19 16 13 7 0 0 0 
35 44 40 31 30 23 19 12 8 0 0 0 
19 28 31 25 25 17 22 16 6 0 0 0 
28 25 23 30 29 27 23 16 4 0 0 0 
28 41 30 24 37 33 17 20 9 0 0 0 
23 27 37 34 38 27 20 19 10 0 0 0 
23 34 43 36 36 33 19 16 11 0 0 0 
30 23 40 44 33 30 24 19 18 0 0 0 
22 26 38 31 38 28 23 14 11 0 0 0 
26 29 37 37 35 31 21 17 14 0 0 0 
18 33 31 41 32 25 22 17 11 0 0 0 
25 39 41 37 37 29 21 13 13 0 0 0 
20 26 39 35 35 33 23 17 8 0 0 0 
24 33 31 38 37 31 20 13 9 0 0 0 
25 44 46 39 35 24 22 14 7 0 0 0 
33 47 41 43 35 26 23 14 9 0 0 0 
23 42 42 37 32 29 22 17 5 0 0 0 
37 32 43 46 31 31 16 13 4 0 0 0 
36 52 43 41 34 32 21 14 3 0 0 0 
34 58 46 39 41 29 25 13 6 0 0 0 
36 64 39 45 28 33 16 18 10 0 0 0 
24 62 45 53 38 24 19 14 9 0 0 0 
24 45 44 43 36 28 21 17 13 0 0 0 
18 52 46 41 30 26 20 14 11 0 0 0 
15 41 31 31 24 21 21 11 8 0 0 0 
12 49 47 46 29 23 17 15 10 0 0 0 
12 36 41 27 23 21 17 13 11 0 0 0 
30 61 45 43 30 21 17 11 5 0 0 0 
19 41 42 39 26 20 16 10 11 0 0 0 
41 70 51 55 32 21 12 8 8 0 0 0 
26 40 43 38 24 24 8 7 5 0 0 0 
40 63 48 38 30 19 15 10 7 0 0 0 
40 53 57 35 36 18 9 7 7 0 0 0 
45 73 51 42 37 24 11 7 4 0 0 0 
59 67 61 49 40 19 10 6 4 0 0 0 
77 76 63 42 40 21 13 9 7 0 0 0 
55 63 64 48 37 18 11 8 5 0 0 0 
48 55 65 46 34 21 10 10 6 0 0 0 
56 53 48 46 38 19 15 3 4 0 0 0 
73 72 65 54 39 24 13 9 4 0 0 0 
54 65 69 50 36 23 13 8 6 0 0 0 
41 54 54 44 36 18 22 9 2 0 0 0 
33 62 45 32 28 19 19 14 1 0 0 0 
7 12 25 32 31 26 20 12 4 0 0 0 
18 32 34 35 29 23 17 9 3 0 0 0 
5 18 25 21 25 20 12 7 2 0 0 0 
24 35 33 29 30 19 14 6 3 0 0 0 
18 29 29 26 35 14 15 4 3 0 0 0 
28 51 44 37 32 23 13 5 4 0 0 0 
29 35 36 35 27 20 9 7 4 0 0 0 
26 34 32 35 29 22 8 12 2 0 0 0 
27 46 39 37 29 18 13 8 5 0 0 0 
28 46 37 36 34 13 14 5 6 0 0 0 
26 27 26 29 23 20 15 7 5 0 0 0 
9 26 26 30 27 22 10 7 5 0 0 0 
14 27 35 26 25 17 15 11 5 0 0 0 
11 22 18 16 22 20 16 8 6 0 0 0 
20 35 34 26 28 25 19 6 6 0 0 0 
17 25 23 21 24 22 22 10 3 0 0 0 
12 18 25 19 22 24 16 6 6 0 0 0 
18 22 29 24 21 23 16 6 9 0 0 0 
7 16 19 25 21 23 15 6 6 0 0 0 
16 28 24 14 17 24 17 5 7 0 0 0 
9 20 20 25 22 20 18 9 3 0 0 0 
40 35 31 28 24 16 15 10 7 0 0 0 
19 25 27 34 22 19 15 9 9 0 0 0 
15 24 25 25 21 20 17 8 6 0 0 0 
22 36 27 25 20 22 16 8 7 0 0 0 
23 29 21 25 28 21 18 10 7 0 0 0 
22 28 28 26 29 18 24 17 11 0 0 0 
28 29 37 35 21 25 21 17 11 0 0 0 
28 41 33 24 29 21 24 15 12 0 0 0 
25 25 26 27 31 23 23 19 12 0 0 0 
18 23 29 26 34 25 19 20 10 0 0 0 
19 30 34 26 33 28 18 21 10 0 0 0 
40 48 40 44 32 31 17 19 12 0 0 0 
33 46 41 32 33 31 21 19 9 0 0 0 
28 44 36 34 34 27 23 15 10 0 0 0 
35 40 43 38 36 31 21 15 9 0 0 0 
30 41 49 41 39 29 21 15 10 0 0 0 
41 49 40 43 26 30 26 17 8 0 0 0 
55 46 42 45 33 22 25 12 3 0 0 0 
57 54 54 47 33 30 19 15 6 0 0 0 
59 43 48 42 36 24 23 10 5 0 0 0 
53 54 47 45 27 21 25 10 3 0 0 0 
62 44 46 43 36 19 22 13 3 0 0 0 
63 67 50 46 38 24 20 11 2 0 0 0 
74 76 63 44 41 27 21 16 4 0 0 0 
86 71 63 44 37 26 17 13 2 0 0 0 
93 75 64 44 33 27 19 17 0 0 0 0 
103 79 66 45 36 18 25 15 0 0 0 0 
101 64 65 56 35 17 16 13 7 0 0 0 
98 88 62 54 33 21 17 13 9 0 0 0 
106 92 66 50 40 16 14 11 10 0 0 0 
104 92 59 55 33 19 21 14 8 0 0 0 
101 84 59 59 33 23 19 15 10 0 0 0 
96 94 53 56 34 20 20 11 6 0 0 0 
95 69 73 49 35 23 20 16 12 0 0 0 
113 94 71 55 31 24 22 15 8 0 0 0 
97 76 72 49 30 24 16 15 8 0 0 0 
87 80 61 52 34 15 24 11 8 0 0 0 
88 74 55 57 31 20 20 15 10 0 0 0 
118 95 82 48 28 23 16 13 11 0 0 0 
130 95 69 52 31 22 18 14 7 0 0 0 
104 98 74 53 30 21 17 14 8 0 0 0 
126 104 81 57 38 21 16 15 7 0 0 0 
114 103 75 55 39 20 22 14 9 0 0 0 
129 92 70 55 30 20 17 11 8 0 0 0 
107 104 68 56 31 25 16 12 8 0 0 0 
115 97 71 58 39 17 16 15 8 0 0 0 
127 109 71 45 31 21 18 15 8 0 0 0 
129 103 73 52 33 22 17 9 10 0 0 0 
116 107 66 53 29 20 21 12 10 0 0 0 
126 103 69 48 28 22 20 12 6 0 0 0 
135 109 65 48 32 23 17 12 9 0 0 0 
128 111 72 54 37 21 18 5 7 0 0 0 
135 99 68 53 35 20 15 12 9 0 0 0 
141 104 73 59 41 23 21 13 6 0 0 0 
151 117 73 57 44 23 16 12 7 0 0 0 
136 117 74 52 42 24 16 11 7 0 0 0 
134 115 77 47 36 24 21 11 6 0 0 0 
116 103 68 59 35 29 19 14 7 0 0 0 
142 112 83 58 40 27 22 12 10 0 0 0 
140 111 69 59 40 21 20 13 12 0 0 0 
110 104 63 56 33 25 22 13 10 0 0 0 
107 96 63 49 29 24 16 14 11 0 0 0 
107 94 62 49 33 24 20 17 9 0 0 0 
97 90 72 51 34 22 16 16 10 0 0 0 
90 71 71 56 33 22 19 14 12 0 0 0 
91 85 74 54 35 24 23 15 10 0 0 0 
87 72 80 46 32 24 17 17 10 0 0 0 
107 104 68 56 34 20 18 13 8 0 0 0 
99 83 66 59 35 23 17 16 10 0 0 0 
103 95 73 58 31 26 18 14 10 0 0 0 
79 72 53 52 35 26 14 15 11 0 0 0 
91 81 69 49 28 23 14 16 11 0 0 0 
73 71 46 59 32 20 12 17 11 0 0 0 
73 56 53 50 27 25 14 21 10 0 0 0 
91 81 55 48 39 21 21 18 7 0 0 0 
68 60 57 35 41 21 23 21 5 0 0 0 
56 51 52 42 40 25 21 18 4 0 0 0 
58 54 53 39 42 25 23 17 1 0 0 0 
57 54 53 45 42 18 26 13 3 0 0 0 
56 52 53 43 37 25 21 12 4 0 0 0 
45 49 44 36 37 23 22 11 3 0 0 0 
41 45 40 44 39 26 20 11 6 0 0 0 
37 42 38 41 36 26 26 14 9 0 0 0 
37 50 45 36 39 21 26 10 8 0 0 0 
47 40 38 35 42 28 21 15 9 0 0 0 
34 42 42 37 40 34 22 14 13 0 0 0 
36 40 39 29 38 28 26 19 10 0 0 0 
28 39 39 28 34 34 27 13 11 0 0 0 
28 31 27 32 36 28 22 15 13 0 0 0 
25 37 46 29 37 30 19 10 9 0 0 0 
21 23 36 17 34 16 27 11 15 0 0 0 
31 29 30 31 29 25 20 13 11 0 0 0 
28 35 19 23 26 25 22 11 13 0 0 0 
25 25 18 22 24 23 23 14 8 0 0 0 
25 23 19 28 24 19 24 12 7 0 0 0 
27 25 24 31 22 17 21 10 7 0 0 0 
41 30 22 24 28 25 23 13 9 0 0 0 
28 24 22 27 23 24 20 12 9 0 0 0 
24 28 27 27 23 20 15 10 9 0 0 0 
19 19 25 19 25 20 16 8 7 0 0 0 
18 26 26 29 21 20 16 10 6 0 0 0 
22 32 33 24 18 23 18 8 10 0 0 0 
12 22 21 18 24 21 18 8 6 0 0 0 
27 34 29 31 26 23 18 4 4 0 0 0 
21 28 33 36 29 20 16 7 6 0 0 0 
23 33 35 35 29 18 13 6 7 0 0 0 
24 44 35 35 32 17 15 8 3 0 0 0 
30 45 39 34 25 20 14 8 6 0 0 0 
41 51 40 34 37 20 11 9 7 0 0 0 
42 48 42 33 32 18 12 5 7 0 0 0 
35 52 35 36 26 24 13 6 4 0 0 0 
25 36 39 40 31 25 9 8 4 0 0 0 
17 18 26 38 27 23 12 9 3 0 0 0 
25 36 44 40 32 25 15 6 3 0 0 0 
25 28 29 40 32 24 22 6 4 0 0 0 
13 19 24 34 28 29 23 9 2 0 0 0 
6 10 24 24 31 25 23 15 4 0 0 0 
17 18 18 25 26 21 22 14 2 0 0 0 
14 21 28 37 28 24 18 18 2 0 0 0 
30 44 52 38 37 24 12 10 7 0 0 0 
25 34 48 36 30 27 14 9 5 0 0 0 
30 29 33 36 31 24 16 10 4 0 0 0 
28 27 32 31 31 19 13 13 5 0 0 0 
47 26 42 37 28 15 16 12 3 0 0 0 
38 34 36 34 32 17 13 13 4 0 0 0 
49 39 48 36 32 19 13 16 5 0 0 0 
52 50 48 37 30 23 12 6 4 0 0 0 
48 34 39 40 32 22 7 7 3 0 0 0 
63 50 53 44 27 23 11 11 2 0 0 0 
77 52 48 40 31 19 15 9 5 0 0 0 
71 45 47 49 30 22 16 13 5 0 0 0 
66 49 48 39 32 23 17 14 7 0 0 0 
71 56 63 38 31 22 21 10 11 0 0 0 
79 49 50 48 33 24 23 15 11 0 0 0 
66 49 49 42 35 23 15 16 10 0 0 0 
78 52 61 62 29 26 17 14 11 0 0 0 
73 50 48 46 30 23 16 16 14 0 0 0 
80 44 45 52 37 23 17 13 14 0 0 0 
88 88 70 61 33 21 18 18 11 0 0 0 
68 58 50 51 31 23 13 16 8 0 0 0 
86 56 58 53 36 26 17 14 9 0 0 0 
71 55 48 41 32 20 22 16 5 0 0 0 
66 58 48 44 33 16 17 11 6 0 0 0 
62 52 42 44 37 23 19 11 5 0 0 0 
77 64 54 45 45 23 23 10 2 0 0 0 
64 62 58 34 38 25 19 7 0 0 0 0 
64 69 52 46 38 28 17 10 3 0 0 0 
45 50 47 42 32 28 21 12 1 0 0 0 
37 59 45 32 40 22 22 14 3 0 0 0 
43 54 42 37 40 29 23 12 3 0 0 0 
43 44 47 35 42 22 21 10 9 0 0 0 
38 41 45 36 37 27 20 18 8 0 0 0 
75 61 58 44 35 25 26 20 14 0 0 0 
56 68 43 43 30 30 28 17 15 0 0 0 
62 55 51 37 30 33 24 14 12 0 0 0 
48 57 41 33 33 30 25 18 14 0 0 0 
44 52 43 34 33 40 23 20 18 0 0 0 
60 61 56 41 37 32 27 17 12 0 0 0 
48 40 45 26 32 31 22 17 13 0 0 0 
40 41 40 30 32 30 18 18 10 0 0 0 
45 40 38 22 27 27 20 15 14 0 0 0 
32 36 37 25 28 20 25 14 8 0 0 0 
48 53 44 34 31 26 24 16 12 0 0 0 
39 36 39 33 28 28 20 15 8 0 0 0 
44 39 36 30 32 27 26 13 5 0 0 0 
45 43 38 29 36 29 17 12 7 0 0 0 
45 48 34 23 30 23 19 13 4 0 0 0 
36 46 39 27 28 21 22 12 6 0 0 0 
46 38 42 26 30 24 15 15 5 0 0 0 
47 46 41 30 24 23 23 12 4 0 0 0 
35 42 44 33 25 26 15 12 6 0 0 0 
34 38 38 31 21 29 19 10 6 0 0 0 
52 43 41 21 32 28 17 9 6 0 0 0 
40 34 36 31 30 29 16 10 6 0 0 0 
37 52 39 34 36 28 17 10 4 0 0 0 
64 57 43 38 29 29 17 8 3 0 0 0 
72 50 51 35 28 21 14 11 0 0 0 0 
57 67 57 41 28 24 16 9 2 0 0 0 
83 74 58 37 37 23 15 7 5 0 0 0 
69 64 49 36 38 20 19 4 7 0 0 0 
70 61 50 41 40 26 17 6 6 0 0 0 
71 69 50 43 34 27 13 7 5 0 0 0 
79 81 53 45 37 24 13 5 8 0 0 0 
80 71 48 39 41 27 18 7 4 0 0 0 
39 56 55 33 38 28 17 8 5 0 0 0 
64 67 40 42 31 29 19 9 3 0 0 0 
62 64 50 37 39 24 20 8 0 0 0 0 
46 49 45 39 34 26 16 6 0 0 0 0 
49 69 47 41 33 29 25 9 1 0 0 0 
48 56 61 40 32 30 23 12 2 0 0 0 
39 41 48 39 30 31 24 12 1 0 0 0 
52 61 55 45 25 31 18 13 1 0 0 0 
49 57 53 44 33 27 19 16 3 0 0 0 
47 61 58 38 30 29 18 15 3 0 0 0 
43 52 50 32 37 14 14 11 4 0 0 0 
39 53 51 34 24 20 15 7 5 0 0 0 
31 37 58 41 30 22 10 9 9 0 0 0 
44 47 46 46 26 24 13 11 5 0 0 0 
51 47 46 37 32 20 16 10 6 0 0 0 
20 34 25 37 30 22 17 5 5 0 0 0 
8 32 27 30 34 18 11 10 5 0 0 0 
34 50 50 47 31 23 11 14 4 0 0 0 
36 46 44 33 24 20 18 8 7 0 0 0 
52 55 52 31 39 24 10 9 6 0 0 0 
47 53 50 42 29 17 13 8 4 0 0 0 
47 66 57 48 29 20 13 12 3 0 0 0 
31 39 35 36 28 22 12 13 7 0 0 0 
25 46 51 37 27 20 9 13 5 0 0 0 
22 39 45 38 30 24 10 14 5 0 0 0 
34 52 65 42 28 27 11 9 8 0 0 0 
20 34 45 42 32 22 16 13 5 0 0 0 
27 32 37 34 25 21 15 11 8 0 0 0 
35 63 57 37 35 20 17 10 10 0 0 0 
48 52 52 38 31 22 14 10 11 0 0 0 
41 54 43 48 34 20 15 14 11 0 0 0 
20 26 39 34 28 22 10 12 12 0 0 0 
55 98 67 41 32 19 17 14 11 0 0 0 
57 84 53 52 34 23 14 16 9 0 0 0 
38 87 65 43 32 27 12 17 10 0 0 0 
36 72 53 48 30 23 14 13 8 0 0 0 
51 82 51 38 35 21 17 13 7 0 0 0 
38 75 40 49 33 18 14 12 8 0 0 0 
63 74 56 34 38 24 19 13 4 0 0 0 
39 69 51 42 30 27 16 12 3 0 0 0 
46 58 47 34 28 23 13 10 4 0 0 0 
46 48 43 39 30 23 16 14 6 0 0 0 
32 45 45 39 27 23 17 12 5 0 0 0 
46 51 38 30 34 27 26 13 8 0 0 0 
45 50 40 38 36 21 25 14 10 0 0 0 
50 45 37 33 33 20 22 16 11 0 0 0 
42 33 38 29 39 19 21 17 10 0 0 0 
39 46 51 33 34 31 22 21 14 0 0 0 
56 53 48 34 44 30 23 15 13 0 0 0 
51 44 54 34 36 25 17 19 9 0 0 0 
55 56 50 36 40 26 23 16 12 0 0 0 
42 47 44 35 32 26 19 10 11 0 0 0 
40 54 49 31 35 32 21 14 12 0 0 0 
46 57 41 39 34 29 25 12 11 0 0 0 
58 57 38 34 31 24 18 13 7 0 0 0 
37 44 47 34 34 25 20 12 8 0 0 0 
46 48 43 40 30 24 23 11 12 0 0 0 
35 40 49 36 30 25 19 13 9 0 0 0 
45 45 39 31 31 25 22 13 9 0 0 0 
28 33 36 34 26 30 21 17 7 0 0 0 
47 37 38 32 31 30 21 11 9 0 0 0 
54 50 42 31 32 24 25 17 6 0 0 0 
41 52 35 32 35 29 18 11 6 0 0 0 
63 55 48 34 33 23 22 15 5 0 0 0 
34 45 45 29 36 26 21 9 9 0 0 0 
39 36 40 28 30 25 16 11 8 0 0 0 
56 41 43 25 23 25 17 13 4 0 0 0 
74 60 51 28 31 26 21 12 4 0 0 0 
45 55 37 31 30 25 21 12 4 0 0 0 
37 38 37 29 31 28 15 14 5 0 0 0 
50 41 33 30 31 28 16 13 3 0 0 0 
67 53 52 40 29 30 21 11 6 0 0 0 
64 38 45 34 33 25 17 8 5 0 0 0 
65 53 44 38 34 27 15 9 6 0 0 0 
61 55 43 35 36 30 11 9 4 0 0 0 
66 68 51 43 33 23 22 7 4 0 0 0 
80 61 38 40 39 21 18 7 3 0 0 0 
63 61 42 41 36 22 20 6 3 0 0 0 
58 59 36 44 35 17 21 5 3 0 0 0 
69 88 62 36 41 15 19 8 3 0 0 0 
54 69 58 45 45 14 18 8 5 0 0 0 
77 65 46 42 47 22 16 11 3 0 0 0 
71 82 54 45 42 27 18 12 2 0 0 0 
65 73 57 39 39 26 23 12 0 0 0 0 
49 62 57 38 38 29 18 9 0 0 0 0 
62 72 64 39 37 25 19 12 0 0 0 0 
54 57 49 35 37 29 22 10 1 0 0 0 
47 55 43 46 33 28 21 14 1 0 0 0 
38 39 42 41 34 32 20 14 2 0 0 0 
34 33 46 46 34 26 19 12 4 0 0 0 
48 50 47 38 38 29 25 16 5 0 0 0 
24 33 32 34 31 26 20 16 5 0 0 0 
32 37 37 30 37 22 22 14 6 0 0 0 
22 26 19 23 26 22 19 11 7 0 0 0 
48 37 33 36 22 22 13 11 8 0 0 0 
13 18 19 20 17 17 9 11 6 0 0 0 
19 17 22 16 24 14 10 13 5 0 0 0 
7 12 6 17 13 17 10 14 9 0 0 0 
16 12 17 27 25 16 6 11 5 0 0 0 
25 31 26 30 37 20 12 14 5 0 0 0 
15 27 26 34 26 18 11 9 8 0 0 0 
21 39 34 31 21 15 10 10 6 0 0 0 
8 33 26 38 24 16 7 10 6 0 0 0 
34 54 47 40 26 15 11 12 4 0 0 0 
42 67 55 48 31 15 14 13 6 0 0 0 
47 57 58 39 31 19 13 10 5 0 0 0 
29 43 52 36 27 16 20 9 9 0 0 0 
36 55 51 36 29 18 16 10 9 0 0 0 
33 59 63 36 34 20 14 9 8 0 0 0 
40 66 56 35 33 17 16 14 8 0 0 0 
59 61 64 42 39 24 16 10 10 0 0 0 
60 70 56 38 30 24 19 9 9 0 0 0 
65 62 52 47 31 26 13 14 9 0 0 0 
70 69 69 48 42 19 21 14 11 0 0 0 
72 62 52 46 32 19 16 9 10 0 0 0 
62 57 60 44 39 18 16 15 10 0 0 0 
71 73 63 49 35 23 19 10 8 0 0 0 
72 66 62 44 34 23 18 10 11 0 0 0 
94 87 67 55 31 22 18 11 15 0 0 0 
89 87 68 47 36 21 20 18 9 0 0 0 
79 81 80 56 32 27 10 14 11 0 0 0 
73 71 54 49 28 28 18 15 9 0 0 0 
88 92 55 52 38 26 19 16 7 0 0 0 
91 115 61 47 34 25 17 16 11 0 0 0 
116 102 67 58 32 25 18 18 13 0 0 0 
114 104 72 50 33 21 20 18 12 0 0 0 
95 97 57 53 34 25 15 15 10 0 0 0 
98 123 59 46 33 27 20 18 11 0 0 0 
118 110 60 56 29 22 19 18 10 0 0 0 
112 119 58 59 32 26 17 20 9 0 0 0 
111 110 66 51 43 24 21 16 9 0 0 0 
105 111 70 51 39 22 18 17 11 0 0 0 
85 108 59 52 33 17 17 17 11 0 0 0 
115 106 69 51 40 24 18 16 8 0 0 0 
118 112 57 59 36 24 15 12 10 0 0 0 
92 79 47 56 30 29 20 19 9 0 0 0 
61 59 51 48 24 29 13 12 11 0 0 0 
62 53 55 40 25 28 11 19 9 0 0 0 
46 59 59 43 23 25 14 16 8 0 0 0 
67 66 54 43 30 22 18 20 6 0 0 0 
68 52 52 38 34 23 21 15 12 0 0 0 
56 54 50 43 30 20 16 13 9 0 0 0 
59 49 54 41 24 24 16 12 5 0 0 0 
58 73 60 36 29 16 18 12 6 0 0 0 
58 59 59 39 27 19 15 11 8 0 0 0 
68 60 47 42 32 14 18 11 6 0 0 0 
62 49 55 41 35 23 13 8 5 0 0 0 
68 56 44 38 36 17 10 10 8 0 0 0 
56 67 56 34 36 17 13 6 4 0 0 0 
27 50 50 43 31 26 9 11 3 0 0 0 
50 52 49 40 37 25 16 11 5 0 0 0 
34 43 36 32 34 23 16 11 4 0 0 0 
52 57 45 46 36 22 13 4 8 0 0 0 
29 36 44 30 29 22 18 8 6 0 0 0 
21 26 38 18 25 19 24 12 4 0 0 0 
30 28 28 21 26 18 22 13 5 0 0 0 
10 24 16 30 29 27 25 11 3 0 0 0 
7 16 19 23 27 22 24 8 2 0 0 0 
18 30 24 23 23 31 21 8 3 0 0 0 
18 27 19 23 24 30 22 6 2 0 0 0 
41 38 43 29 28 25 19 8 3 0 0 0 
26 46 29 25 26 23 16 8 3 0 0 0 
29 21 23 23 27 15 16 9 5 0 0 0 
41 52 38 32 32 18 14 3 6 0 0 0 
63 61 44 35 31 20 15 5 5 0 0 0 
53 48 40 27 27 22 19 5 4 0 0 0 
52 43 54 37 34 26 12 5 6 0 0 0 
50 46 37 27 25 21 20 10 4 0 0 0 
54 48 33 41 32 24 17 9 2 0 0 0 
44 46 38 32 27 29 17 8 5 0 0 0 
55 47 33 35 29 35 20 8 3 0 0 0 
44 39 28 28 33 30 20 11 3 0 0 0 
41 34 26 25 26 24 20 13 4 0 0 0 
26 33 21 23 28 25 18 9 7 0 0 0 
16 31 28 25 30 27 22 11 6 0 0 0 
21 28 33 32 34 24 23 12 6 0 0 0 
19 19 27 24 29 26 16 13 8 0 0 0 
25 34 25 38 28 28 24 12 10 0 0 0 
36 38 41 34 32 23 17 16 11 0 0 0 
38 45 48 42 34 27 25 19 14 0 0 0 
43 29 42 39 36 32 23 15 13 0 0 0 
31 44 42 33 34 28 24 17 15 0 0 0 
41 46 47 35 35 25 25 17 14 0 0 0 
41 36 32 30 35 26 26 22 12 0 0 0 
43 39 40 40 39 24 24 17 10 0 0 0 
43 41 42 37 32 25 22 15 11 0 0 0 
46 34 38 27 29 28 19 12 9 0 0 0 
39 48 29 25 29 25 19 15 8 0 0 0 
45 52 32 37 34 23 18 17 6 0 0 0 
57 51 45 37 37 24 14 13 7 0 0 0 
58 59 39 36 34 25 16 12 4 0 0 0 
61 53 48 46 36 18 12 16 2 0 0 0 
65 62 50 44 29 22 14 18 5 0 0 0 
55 69 53 51 29 25 15 15 5 0 0 0 
71 53 47 41 31 14 15 15 6 0 0 0 
68 80 49 40 36 23 9 15 8 0 0 0 
65 57 61 40 39 19 15 16 8 0 0 0 
65 65 60 50 37 18 14 14 7 0 0 0 
68 72 71 44 34 20 16 9 9 0 0 0 
44 40 50 36 31 23 15 12 7 0 0 0 
62 68 60 49 40 22 18 14 10 0 0 0 
34 55 47 37 34 25 21 10 13 0 0 0 
18 41 42 40 31 15 19 16 7 0 0 0 
51 59 52 53 30 17 16 9 6 0 0 0 
33 26 40 33 30 15 15 8 4 0 0 0 
39 37 45 33 31 18 6 9 4 0 0 0 
41 32 43 37 38 20 12 8 6 0 0 0 
69 63 51 42 41 18 15 11 4 0 0 0 
73 60 50 55 39 24 16 9 6 0 0 0 
97 84 58 49 39 18 14 12 4 0 0 0 
60 50 50 46 35 21 12 10 5 0 0 0 
68 67 60 42 38 30 19 8 8 0 0 0 
58 47 55 34 26 24 20 10 5 0 0 0 
52 63 46 45 32 22 17 12 6 0 0 0 
42 68 60 42 34 21 23 12 3 0 0 0 
32 43 55 38 31 24 22 13 4 0 0 0 
25 41 53 41 39 29 25 9 4 0 0 0 
29 38 49 48 36 27 21 9 2 0 0 0 
28 52 48 49 37 22 24 6 4 0 0 0 
23 42 44 43 36 29 23 8 1 0 0 0 
26 52 46 42 34 25 20 5 3 0 0 0 
40 48 45 40 33 23 23 7 4 0 0 0 
56 70 54 37 29 23 21 7 5 0 0 0 
39 66 41 35 24 22 18 9 7 0 0 0 
39 53 44 41 31 23 14 3 5 0 0 0 
45 62 40 34 32 19 13 9 2 0 0 0 
43 47 38 40 31 14 16 8 5 0 0 0 
24 51 27 25 24 22 14 6 6 0 0 0 
19 30 13 21 18 20 12 7 7 0 0 0 
20 25 33 14 20 20 16 10 6 0 0 0 
14 19 23 18 11 21 12 14 3 0 0 0 
8 18 30 20 16 21 17 7 7 0 0 0 
12 26 18 25 22 18 19 10 8 0 0 0 
26 29 20 36 23 18 21 7 8 0 0 0 
15 23 26 26 21 18 23 9 9 0 0 0 
20 30 26 35 29 20 20 12 8 0 0 0 
22 24 26 30 29 26 16 13 8 0 0 0 
41 45 40 33 34 26 25 17 7 0 0 0 
36 42 28 24 36 19 28 14 9 0 0 0 
27 33 34 27 24 21 22 14 10 0 0 0 
28 32 28 35 40 22 21 13 13 0 0 0 
26 36 30 28 37 30 20 13 10 0 0 0 
33 49 49 34 43 28 23 17 13 0 0 0 
25 38 41 30 31 21 24 14 11 0 0 0 
27 34 35 33 34 25 27 18 13 0 0 0 
26 35 42 30 37 31 21 16 13 0 0 0 
29 35 35 35 32 30 29 14 13 0 0 0 
30 36 36 36 34 27 22 17 10 0 0 0 
32 36 36 29 28 29 14 16 11 0 0 0 
32 35 30 31 29 29 16 14 6 0 0 0 
42 40 34 35 33 25 12 17 8 0 0 0 
62 63 41 32 35 24 16 19 4 0 0 0 
65 62 43 41 31 26 9 17 5 0 0 0 
61 59 44 33 28 23 16 14 9 0 0 0 
76 68 43 47 34 26 14 18 7 0 0 0 
73 55 41 39 36 19 18 18 4 0 0 0 
73 67 54 47 35 15 17 15 9 0 0 0 
65 62 35 46 33 23 18 13 10 0 0 0 
65 54 54 43 34 25 18 14 8 0 0 0 
78 57 41 40 35 23 15 14 6 0 0 0 
65 56 59 37 31 23 18 13 6 0 0 0 
43 49 63 39 27 16 24 15 10 0 0 0 
47 49 56 41 32 21 21 14 8 0 0 0 
50 45 55 37 31 21 17 9 5 0 0 0 
62 63 60 45 31 17 12 9 2 0 0 0 
73 49 41 41 44 20 13 6 5 0 0 0 
63 48 56 39 37 24 13 12 7 0 0 0 
82 77 62 39 35 23 20 8 4 0 0 0 
57 55 40 31 29 19 17 10 6 0 0 0 
56 42 41 42 32 23 16 6 6 0 0 0 
33 38 36 26 27 18 16 8 7 0 0 0 
27 38 31 36 25 21 21 9 6 0 0 0 
49 68 42 33 30 21 17 9 3 0 0 0 
39 41 41 31 37 22 20 5 4 0 0 0 
18 26 31 33 26 21 19 6 6 0 0 0 
6 15 29 33 29 16 14 6 3 0 0 0 
9 23 15 22 19 22 14 4 4 0 0 0 
8 20 27 27 25 24 13 8 2 0 0 0 
16 34 21 33 22 24 10 5 2 0 0 0 
18 22 16 29 26 19 12 8 2 0 0 0 
19 36 30 33 26 22 12 11 4 0 0 0 
13 16 27 31 28 16 8 8 6 0 0 0 
8 12 16 19 27 17 11 9 3 0 0 0 
15 13 19 21 16 18 12 9 2 0 0 0 
6 13 20 17 19 19 14 10 2 0 0 0 
10 15 13 21 26 18 15 8 4 0 0 0 
15 24 24 22 20 18 16 10 3 0 0 0 
7 16 21 19 25 17 15 7 9 0 0 0 
14 20 25 25 16 16 12 8 8 0 0 0 
17 25 29 19 18 25 11 10 5 0 0 0 
18 31 27 25 24 25 18 8 7 0 0 0 
13 21 20 19 25 21 17 9 8 0 0 0 
16 17 20 20 23 22 14 10 8 0 0 0 
17 18 26 19 31 22 20 12 7 0 0 0 
23 22 21 22 27 24 23 17 7 0 0 0 
15 21 20 19 32 18 21 10 10 0 0 0 
17 25 15 13 28 23 22 12 10 0 0 0 
22 27 25 24 34 24 24 17 10 0 0 0 
17 30 27 24 31 30 20 15 12 0 0 0 
30 42 34 39 35 28 24 14 13 0 0 0 
21 34 35 19 33 27 22 21 11 0 0 0 
26 31 24 40 33 27 23 16 9 0 0 0 
25 33 26 25 37 25 20 19 11 0 0 0 
36 33 33 26 36 22 21 18 8 0 0 0 
32 29 25 29 30 23 17 13 8 0 0 0 
34 54 37 34 32 28 18 19 6 0 0 0 
42 44 37 38 40 23 17 16 7 0 0 0 
37 53 33 42 36 25 23 17 4 0 0 0 
48 45 38 45 26 22 16 15 7 0 0 0 
43 43 39 36 29 20 23 18 7 0 0 0 
45 58 37 40 29 23 14 12 9 0 0 0 
36 40 46 42 27 21 15 11 10 0 0 0 
34 57 45 32 28 17 14 13 8 0 0 0 
14 22 23 20 18 16 13 11 8 0 0 0 
20 52 42 36 28 21 16 12 9 0 0 0 
5 17 26 23 23 25 14 10 9 0 0 0 
20 46 38 43 22 20 14 10 6 0 0 0 
9 32 31 33 29 23 10 13 7 0 0 0 
4 26 32 23 24 18 15 9 5 0 0 0 
11 42 25 32 26 20 10 15 5 0 0 0 
23 54 45 35 36 22 10 14 6 0 0 0 
19 35 32 39 32 20 9 10 4 0 0 0 
13 47 31 35 22 23 13 7 6 0 0 0 
12 38 29 26 28 23 11 12 3 0 0 0 
24 37 32 35 33 24 11 9 6 0 0 0 
17 38 35 30 26 24 11 6 5 0 0 0 
31 52 39 38 30 16 12 8 6 0 0 0 
30 42 36 42 24 17 12 9 4 0 0 0 
32 43 36 30 27 10 16 5 5 0 0 0 
31 58 45 34 28 19 11 7 5 0 0 0 
31 41 31 29 26 19 12 4 9 0 0 0 
36 46 42 33 27 20 11 5 8 0 0 0 
31 52 52 39 26 20 9 6 6 0 0 0 
62 83 57 48 24 20 17 10 3 0 0 0 
50 69 58 51 28 22 14 8 2 0 0 0 
43 71 61 45 31 18 15 14 2 0 0 0 
54 79 56 42 32 19 19 12 2 0 0 0 
51 72 63 37 36 23 24 5 2 0 0 0 
53 54 51 41 38 20 15 9 2 0 0 0 
45 70 52 55 37 27 16 9 1 0 0 0 
41 60 56 53 42 22 18 12 1 0 0 0 
58 65 62 45 39 23 19 7 2 0 0 0 
41 68 63 58 41 17 19 11 1 0 0 0 
30 50 52 54 35 22 21 12 3 0 0 0 
36 62 48 49 33 23 17 10 3 0 0 0 
31 53 56 44 34 27 15 10 4 0 0 0 
41 68 54 43 38 18 13 8 2 0 0 0 
32 58 52 46 34 26 11 11 2 0 0 0 
39 36 49 48 32 31 13 8 2 0 0 0 
30 40 47 44 34 22 15 11 3 0 0 0 
35 53 52 48 39 23 13 11 4 0 0 0 
44 58 48 47 28 17 15 11 5 0 0 0 
89 83 64 46 43 16 15 14 7 0 0 0 
40 63 34 36 33 24 16 12 9 0 0 0 
40 42 32 43 34 22 15 10 4 0 0 0 
50 56 57 45 31 20 16 10 5 0 0 0 
41 45 51 45 32 24 9 6 4 0 0 0 
49 56 58 32 31 27 15 9 7 0 0 0 
44 50 56 41 28 18 10 12 4 0 0 0 
61 61 52 40 34 22 14 14 8 0 0 0 
57 52 53 50 35 21 8 9 10 0 0 0 
53 65 51 37 32 22 15 15 8 0 0 0 
40 42 39 44 35 23 14 12 7 0 0 0 
34 42 43 29 25 21 21 11 7 0 0 0 
48 59 50 49 34 22 18 11 9 0 0 0 
48 70 58 42 37 21 19 15 7 0 0 0 
30 59 36 42 31 18 21 16 12 0 0 0 
23 53 43 38 32 22 19 12 8 0 0 0 
67 80 66 47 37 28 23 13 9 0 0 0 
57 88 49 41 36 24 19 14 11 0 0 0 
50 72 51 47 31 22 18 14 5 0 0 0 
36 66 40 43 40 17 16 11 7 0 0 0 
44 57 45 41 35 23 18 15 5 0 0 0 
60 51 46 33 41 23 25 13 2 0 0 0 
40 44 37 33 36 28 20 13 9 0 0 0 
37 40 44 35 35 28 25 13 10 0 0 0 
34 38 42 27 29 29 25 15 7 0 0 0 
40 37 37 33 39 31 25 17 13 0 0 0 
36 32 43 32 30 28 22 20 9 0 0 0 
49 49 52 35 42 32 20 19 15 0 0 0 
40 43 43 39 38 29 21 17 12 0 0 0 
29 40 39 39 31 29 18 15 14 0 0 0 
38 50 46 31 33 30 21 15 13 0 0 0 
25 37 37 30 31 29 21 13 12 0 0 0 
28 38 42 32 30 26 22 14 13 0 0 0 
56 60 50 37 34 29 22 17 9 0 0 0 
47 49 42 41 38 24 23 16 8 0 0 0 
41 33 44 36 31 28 24 9 5 0 0 0 
37 29 40 22 36 15 22 9 5 0 0 0 
35 47 44 31 29 23 19 11 4 0 0 0 
32 41 43 23 27 26 20 10 8 0 0 0 
51 43 45 24 37 22 20 12 5 0 0 0 
41 46 38 27 30 26 18 10 8 0 0 0 
48 43 40 27 30 29 20 9 3 0 0 0 
44 47 42 26 31 31 16 9 3 0 0 0 
73 60 45 30 31 27 19 6 3 0 0 0 
72 72 52 40 32 22 24 9 3 0 0 0 
64 62 53 50 33 18 16 6 3 0 0 0 
70 59 52 38 38 29 13 7 2 0 0 0 
60 61 50 38 32 22 16 8 1 0 0 0 
62 49 49 40 32 19 19 7 4 0 0 0 
64 63 57 54 37 18 20 11 4 0 0 0 
54 59 47 47 35 26 22 9 2 0 0 0 
70 62 51 54 31 25 19 5 3 0 0 0 
42 41 42 47 24 24 24 8 3 0 0 0 
44 54 63 51 34 26 22 12 3 0 0 0 
44 44 52 44 34 26 20 11 4 0 0 0 
24 45 54 41 36 23 16 11 3 0 0 0 
23 37 33 35 36 21 12 9 5 0 0 0 
27 34 48 47 31 18 13 13 4 0 0 0 
14 58 46 35 36 15 16 11 7 0 0 0 
41 60 53 36 28 21 18 13 5 0 0 0 
34 51 50 40 32 16 13 11 5 0 0 0 
31 42 44 45 23 20 14 13 4 0 0 0 
21 42 50 43 24 21 8 10 3 0 0 0 
47 48 50 39 39 18 16 10 7 0 0 0 
28 55 49 43 28 19 10 12 8 0 0 0 
20 21 19 39 29 21 18 7 7 0 0 0 
27 51 48 50 26 18 12 11 14 0 0 0 
9 18 18 27 24 17 15 12 8 0 0 0 
54 57 50 44 35 21 17 7 13 0 0 0 
43 37 39 42 37 18 13 14 10 0 0 0 
61 69 49 53 28 19 19 11 11 0 0 0 
36 44 41 35 26 16 18 15 12 0 0 0 
83 82 54 54 39 14 16 18 6 0 0 0 
59 59 39 40 30 19 17 16 4 0 0 0 
72 63 52 39 37 27 15 17 5 0 0 0 
78 68 46 45 29 26 19 9 7 0 0 0 
71 74 43 39 38 26 21 10 4 0 0 0 
64 69 44 38 33 26 19 18 2 0 0 0 
62 50 32 39 38 30 20 15 5 0 0 0 
54 56 42 40 42 31 24 15 6 0 0 0 
31 44 35 37 32 32 18 13 5 0 0 0 
53 41 36 41 35 33 17 18 5 0 0 0 
59 59 44 42 38 32 22 14 8 0 0 0 
55 54 45 50 32 29 21 17 9 0 0 0 
39 52 45 52 32 31 26 18 10 0 0 0 
58 59 54 37 39 31 24 19 12 0 0 0 
70 53 48 37 38 29 24 13 12 0 0 0 
57 56 51 35 39 28 27 14 11 0 0 0 
37 39 36 37 38 25 26 14 12 0 0 0 
31 29 33 35 37 21 24 17 10 0 0 0 
31 30 32 27 38 23 22 17 10 0 0 0 
32 40 30 29 35 23 23 18 8 0 0 0 
31 32 26 30 27 30 24 15 10 0 0 0 
19 42 28 25 22 28 27 15 9 0 0 0 
33 42 26 28 28 25 16 12 9 0 0 0 
33 30 27 23 28 27 20 9 9 0 0 0 
38 39 42 18 28 21 17 12 4 0 0 0 
33 34 39 27 25 26 13 12 8 0 0 0 
46 42 35 26 22 28 16 7 5 0 0 0 
43 38 45 27 24 24 19 7 4 0 0 0 
30 41 43 27 25 28 10 9 4 0 0 0 
35 40 36 28 25 28 14 7 6 0 0 0 
41 44 31 27 32 22 17 10 6 0 0 0 
46 51 42 37 24 20 12 7 3 0 0 0 
28 45 40 32 30 17 15 5 5 0 0 0 
47 51 35 36 27 19 20 2 5 0 0 0 
37 52 37 38 35 13 20 10 3 0 0 0 
22 41 36 31 29 17 17 9 2 0 0 0 
41 57 49 36 26 23 5 5 2 0 0 0 
19 16 33 19 17 16 13 5 3 0 0 0 
19 18 32 23 17 23 9 4 4 0 0 0 
9 10 7 12 10 7 8 4 5 0 0 0 
5 8 6 4 5 9 6 2 4 0 0 0 
5 3 2 5 2 5 4 5 2 0 0 0 
3 12 3 6 0 6 4 4 2 0 0 0 
5 7 9 6 3 3 2 1 2 0 0 0 
4 11 9 4 2 1 2 1 3 0 0 0 
2 4 15 5 3 8 1 3 3 0 0 0 
7 2 3 0 7 5 4 1 2 0 0 0 
3 3 1 1 2 5 3 1 1 0 0 0 
0 0 0 0 0 0 0 0 0 0 0 0 
0 0 0 0 0 0 0 0 0 0 0 0 
0 0 0 0 0 0 0 0 0 0 0 0 
0 0 0 0 0 0 0 0 0 0 0 0 
0 0 0 0 0 0 0 0 0 0 0 0 
0 0 0 0 0 0 0 0 0 0 0 0 
0 0 0 0 0 0 0 0 0 0 0 0 
0 0 0 0 0 0 0 0 0 0 0 0 
0 0 0 0 0 0 0 0 0 0 0 0 
0 0 0 0 0 0 0 0 0 0 0 0 
0 0 0 0 0 0 0 0 0 0 0 0 
0 0 0 0 0 0 0 0 0 0 0 0 
0 0 0 0 0 0 0 0 0 0 0 0 
0 0 0 0 0 0 0 0 0 0 0 0 
0 0 0 0 0 0 0 0 0 0 0 0 
12 27 20 30 19 19 12 12 3 0 0 0 
13 21 22 29 23 20 10 15 4 0 0 0 
22 19 23 24 24 23 23 16 2 0 0 0 
39 47 40 37 35 25 19 15 4 0 0 0 
44 42 36 33 40 25 22 14 6 0 0 0 
39 50 45 29 33 28 18 12 7 0 0 0 
46 44 37 36 31 24 18 16 6 0 0 0 
34 49 45 39 33 28 20 19 13 0 0 0 
34 45 43 41 39 23 22 17 14 0 0 0 
26 45 42 39 38 28 24 18 16 0 0 0 
27 48 42 37 37 27 24 13 13 0 0 0 
44 34 48 36 33 31 28 16 11 0 0 0 
31 46 39 41 31 26 22 16 14 0 0 0 
35 45 33 38 31 21 24 13 10 0 0 0 
37 34 33 32 35 26 21 14 10 0 0 0 
36 43 46 27 29 26 24 14 9 0 0 0 
38 53 37 34 31 27 20 13 9 0 0 0 
37 41 41 28 28 31 17 10 7 0 0 0 
31 46 47 30 30 27 21 8 9 0 0 0 
40 55 41 36 25 26 16 14 7 0 0 0 
36 49 39 30 23 25 20 13 5 0 0 0 
57 60 47 35 31 23 15 8 8 0 0 0 
50 53 52 33 23 28 13 6 7 0 0 0 
56 43 45 30 28 26 16 11 7 0 0 0 
61 52 42 25 35 26 8 13 5 0 0 0 
75 72 48 42 37 21 21 9 5 0 0 0 
73 79 44 38 34 23 15 8 5 0 0 0 
73 64 43 42 33 24 13 5 4 0 0 0 
70 66 53 49 31 27 10 3 4 0 0 0 
67 74 42 49 30 26 16 12 2 0 0 0 
52 55 43 45 34 22 18 7 5 0 0 0 
58 72 43 37 35 21 23 8 3 0 0 0 
59 68 56 41 41 25 18 5 3 0 0 0 
43 42 43 48 42 30 19 8 4 0 0 0 
20 40 30 36 35 27 22 10 3 0 0 0 
70 64 60 32 35 23 21 18 5 0 0 0 
40 56 29 41 42 26 16 12 4 0 0 0 
34 62 54 45 42 24 16 12 3 0 0 0 
34 38 40 39 36 22 19 10 7 0 0 0 
29 22 32 32 27 20 11 9 7 0 0 0 
8 8 18 30 21 20 11 12 5 0 0 0 
25 69 52 37 34 15 12 9 6 0 0 0 
11 23 27 34 35 19 15 12 5 0 0 0 
20 37 47 38 32 18 16 11 6 0 0 0 
13 31 45 37 32 19 11 8 3 0 0 0 
26 58 47 37 32 20 13 7 5 0 0 0 
20 35 48 39 32 19 17 6 6 0 0 0 
39 53 54 42 35 22 13 6 10 0 0 0 
52 65 61 48 35 21 16 9 8 0 0 0 
43 55 56 49 31 24 15 14 9 0 0 0 
38 58 52 42 30 23 14 10 13 0 0 0 
65 63 57 47 28 23 19 13 10 0 0 0 
55 71 68 45 32 18 18 11 13 0 0 0 
45 60 44 46 34 24 16 12 13 0 0 0 
66 67 67 53 36 23 22 14 11 0 0 0 
92 63 57 44 34 21 15 14 14 0 0 0 
101 85 75 47 37 23 17 16 12 0 0 0 
96 86 65 51 39 21 19 13 11 0 0 0 
118 88 79 56 37 20 19 15 9 0 0 0 
111 84 84 50 29 24 21 9 8 0 0 0 
96 108 72 50 36 17 20 13 10 0 0 0 
102 95 74 48 32 19 16 10 13 0 0 0 
105 95 84 51 31 18 17 14 13 0 0 0 
104 98 74 48 29 19 15 14 14 0 0 0 
107 99 71 56 33 23 19 11 11 0 0 0 
90 99 78 55 33 26 16 14 11 0 0 0 
101 111 80 57 32 23 21 13 10 0 0 0 
100 101 76 54 31 23 19 15 14 0 0 0 
91 85 78 54 33 21 21 11 11 0 0 0 
98 94 64 56 35 21 19 15 10 0 0 0 
94 91 72 51 36 22 20 17 11 0 0 0 
95 106 81 46 28 22 18 14 12 0 0 0 
93 91 68 58 33 24 17 14 12 0 0 0 
109 89 67 51 40 27 17 18 10 0 0 0 
108 100 75 45 37 24 22 15 12 0 0 0 
98 108 76 52 40 20 20 15 12 0 0 0 
99 76 79 43 38 16 20 21 12 0 0 0 
93 94 76 49 36 20 20 15 10 0 0 0 
92 98 71 54 36 21 22 16 10 0 0 0 
105 107 76 55 36 24 19 13 10 0 0 0 
93 101 61 57 38 23 22 9 12 0 0 0 
125 101 74 55 36 26 15 9 8 0 0 0 
112 105 69 54 35 26 17 14 8 0 0 0 
113 108 73 56 36 25 14 13 8 0 0 0 
119 112 74 59 33 28 14 11 10 0 0 0 
122 110 81 56 35 27 14 14 9 0 0 0 
122 108 78 59 34 22 16 15 7 0 0 0 
122 112 71 57 34 22 16 13 8 0 0 0 
117 117 78 53 31 24 16 17 9 0 0 0 
106 112 71 52 36 23 17 18 8 0 0 0 
108 110 71 54 37 23 23 15 7 0 0 0 
109 104 67 52 44 23 22 14 10 0 0 0 
